2674161922,15.008595,-91.386229,1420091985000
224112894,17.106403,-96.707892,1420091985000
881210264,7.383308,-72.645683,1420091985000
588035454,40.979625,-73.83294,1420091985000
401506321,43.62882,-79.491431,1420091986000
862197756,32.666843,-97.384952,1420091986000
123285439,36.169832,-86.494291,1420091986000
1279515788,38.602013,-90.144583,1420091986000
1296951216,14.175784,-89.740087,1420091986000
2747052833,33.703058,-112.280786,1420091987000
19303037,34.635558,-120.115415,1420091987000
1963394394,41.562969,-88.16395,1420091987000
186270113,33.980476,-117.581347,1420091988000
625055727,42.907269,-78.806751,1420091988000
959468672,41.454414,-79.616414,1420091988000
393092266,34.119996,-117.246324,1420091988000
2236699978,30.513365,-91.127963,1420091988000
451939473,42.228723,-70.948949,1420091989000
940782236,32.924141,-97.298692,1420091989000
1890211453,42.479878,-83.392824,1420091989000
1445122993,9.845815,-83.945736,1420091989000
42515375,49.880181,-97.297896,1420091989000
464081022,19.066646,-98.244428,1420091989000
2290309057,42.435726,-92.273785,1420091989000
424597995,41.055132,-80.037048,1420091989000
138947259,30.223085,-92.020199,1420091989000
334149489,40.522592,-74.264856,1420091989000
1547076644,31.127789,-97.743243,1420091990000
2740082577,34.262161,-77.794129,1420091990000
493565672,43.976451,-88.947726,1420091990000
2193021127,10.922349,-74.786532,1420091990000
249945068,36.170046,-86.80467,1420091990000
595156027,33.826121,-98.541642,1420091990000
293773328,37.906591,-78.401968,1420091990000
169341538,19.162183,-96.127655,1420091990000
1176617438,32.936187,-96.890412,1420091990000
322200073,42.2688,-95.305012,1420091990000
26957312,41.024047,-81.713039,1420091991000
1275671178,34.760892,-97.185383,1420091991000
2181268722,5.774732,-73.114224,1420091991000
2223725866,30.210909,-81.564805,1420091991000
2664160574,29.386074,-98.454804,1420091991000
24106604,44.960229,-93.279353,1420091991000
2713002602,29.860072,-95.711614,1420091991000
322200073,42.2688,-95.305013,1420091992000
2329187590,25.991634,-80.184088,1420091992000
33907937,26.107971,-80.197878,1420091992000
709585014,45.194486,-93.24459,1420091992000
2395526696,41.464724,-81.549823,1420091992000
1724132196,38.707209,-121.253513,1420091992000
50492287,42.826226,-84.583865,1420091992000
236599830,30.251947,-92.019053,1420091992000
356564032,34.504488,-93.051291,1420091992000
448017712,27.845556,-97.603056,1420091993000
231678835,33.827471,-83.885768,1420091993000
571203273,36.029972,-95.863714,1420091993000
1497535136,37.498432,-97.501744,1420091993000
1682931277,28.642261,-81.371303,1420091993000
1385885616,39.806793,-77.128397,1420091993000
565726446,40.121272,-88.268705,1420091994000
388650555,29.546603,-98.56667,1420091994000
1549420165,46.611015,-120.520795,1420091994000
44731238,9.974396,-84.841355,1420091994000
2290309057,42.435726,-92.273785,1420091994000
234207778,40.020127,-82.796556,1420091995000
1225639855,30.225674,-90.91197,1420091995000
961572295,30.218285,-97.694332,1420091995000
1252907802,44.342106,-90.77677,1420091995000
1652090677,32.530093,-95.625953,1420091995000
926728987,42.293794,-91.053605,1420091995000
346690885,10.920066,-74.803253,1420091996000
23942392,35.098769,-92.515901,1420091996000
2756149444,42.866254,-71.124769,1420091996000
222955457,41.547058,-93.608253,1420091996000
447476620,29.084244,-80.988491,1420091996000
38851965,32.971458,-97.679883,1420091996000
1902160268,38.700241,-82.247166,1420091996000
924658104,29.527847,-98.381291,1420091996000
1712603298,30.49653,-91.085421,1420091997000
577514593,33.75269,-118.190324,1420091997000
2573661874,35.336721,-97.512518,1420091997000
2440615183,29.6927,-95.125406,1420091997000
1573287990,40.13819,-75.304318,1420091997000
465975853,42.447955,-83.16426,1420091997000
1571826205,35.895193,-78.698631,1420091997000
109728961,43.055409,-89.548384,1420091997000
15832490,39.327761,-76.626719,1420091997000
398393121,29.966441,-90.38448,1420091998000
1514863261,35.091618,-85.189042,1420091998000
1002724404,37.752164,-121.959407,1420091998000
1873950542,39.23204,-77.246942,1420091998000
2457437299,38.87403,-121.13529,1420091998000
1202585766,18.52389,-92.644737,1420091999000
296348679,19.285876,-99.162807,1420091999000
214266816,32.486261,-117.060752,1420091999000
139151885,14.703794,-91.848965,1420091999000
1568338206,41.623975,-70.928031,1420092000000
1306469712,40.802895,-74.132631,1420092000000
359581987,43.245082,-79.839807,1420092000000
2579224209,30.173976,-97.612095,1420092000000
28629969,41.93323,-87.653373,1420092000000
2666826883,38.933326,-94.375564,1420092000000
2788051268,29.31485,-98.43612,1420092000000
453839633,40.098941,-74.036027,1420092000000
1573259346,35.678221,-85.793638,1420092000000
403499761,46.820589,-100.773628,1420092000000
1494951367,29.622553,-98.725061,1420092000000
1434123565,31.743229,-99.945318,1420092001000
450120011,36.129431,-115.16465,1420092001000
898354940,41.72862,-87.601263,1420092001000
496641123,43.807441,-91.243524,1420092001000
309890931,31.339506,-92.514436,1420092001000
781778173,31.248084,-100.47762,1420092001000
2915232602,46.150651,-122.928619,1420092001000
360341177,27.265591,-80.31246,1420092001000
525920595,31.635302,-95.462202,1420092001000
479238111,32.908254,-96.760457,1420092001000
965190992,38.053031,-78.48455,1420092001000
1013967300,42.318849,-71.093911,1420092002000
1676805402,33.251821,-97.130736,1420092002000
1129668061,40.114192,-83.746856,1420092002000
610353694,30.750075,-87.771204,1420092002000
250912818,42.691456,-71.131729,1420092002000
1697371656,31.104039,-97.908617,1420092002000
909329762,32.856481,-96.589535,1420092002000
207710860,32.6835,-96.84011,1420092002000
756121404,32.598657,-96.849989,1420092002000
2555967193,44.769347,-93.249842,1420092002000
460662607,32.949843,-96.807372,1420092002000
302431701,35.483602,-97.699836,1420092002000
28720478,41.274131,-96.106579,1420092002000
2541629756,29.098724,-97.283016,1420092002000
1088011548,38.879302,-99.314495,1420092002000
463971880,42.47121,-96.36036,1420092002000
630689948,38.636719,-90.188232,1420092003000
468043954,29.668725,-95.11862,1420092003000
29655033,47.231778,-122.427856,1420092003000
1874003059,31.406259,-103.484313,1420092003000
224912483,29.947248,-93.974167,1420092003000
227478126,41.9517,-87.649556,1420092003000
2188530295,39.171712,-84.74315,1420092003000
2544077784,39.849768,-104.898967,1420092003000
2249736229,30.99511,-90.304862,1420092003000
2520205822,30.395446,-91.259538,1420092003000
416401325,20.478379,-97.447462,1420092004000
749539453,43.681351,-93.142257,1420092004000
2652927018,29.420039,-95.264563,1420092004000
168547336,29.989642,-95.427873,1420092004000
263858455,37.684048,-96.864477,1420092004000
549781648,32.842009,-96.774924,1420092004000
1478626844,33.456057,-86.107893,1420092004000
2272407728,46.816277,-96.812179,1420092004000
618337279,41.783048,-87.719884,1420092004000
590551119,26.299102,-97.997125,1420092004000
2722808438,33.023952,-97.007404,1420092004000
2478212478,26.49261,-81.968631,1420092004000
2462459736,47.18713,-122.292921,1420092004000
89554532,19.605913,-98.992683,1420092004000
310051308,26.47587,-98.741566,1420092004000
514972191,37.241667,-81.2775,1420092005000
2805952157,18.478562,-97.396496,1420092005000
53816537,32.772628,-97.213872,1420092005000
870827178,42.523838,-96.392427,1420092005000
2340012028,33.364494,-82.080714,1420092005000
1368236893,40.059657,-86.063979,1420092005000
1663948063,28.427361,-99.225906,1420092005000
1602072264,39.896797,-85.384899,1420092005000
15519381,40.040047,-75.636825,1420092006000
1059386407,32.535026,-95.874663,1420092006000
357239142,41.290307,-96.020024,1420092006000
2323064225,30.250158,-81.572687,1420092006000
636134821,19.262877,-99.007013,1420092006000
277779729,25.934303,-97.519354,1420092006000
15519381,30.279033,-81.700916,1420092006000
2387588402,29.831173,-95.179192,1420092006000
273123726,41.590149,-81.556936,1420092006000
167777703,46.466874,-120.419258,1420092006000
526089614,33.956144,-118.357518,1420092006000
2711563521,34.829136,-87.695418,1420092006000
204542828,32.659439,-96.92191,1420092006000
383365986,38.522,-90.499167,1420092006000
1616400799,35.493092,-92.090483,1420092006000
72408682,43.139087,-93.211806,1420092007000
2777278365,31.132458,-97.892194,1420092007000
2244769543,38.743311,-94.818468,1420092007000
160756238,19.506593,-99.237466,1420092007000
2736281052,32.831348,-96.85572,1420092007000
15519381,37.294913,-121.860179,1420092007000
15519381,47.590714,-122.161092,1420092007000
1723296841,42.129327,-87.874519,1420092007000
129060987,19.055702,-98.131263,1420092007000
69219861,50.440408,-104.544961,1420092007000
2200381261,29.967197,-90.051399,1420092007000
29831712,31.622778,-89.233889,1420092007000
636648476,36.418869,-86.389576,1420092007000
15519381,26.375789,-80.153904,1420092007000
2328254366,42.456673,-83.190588,1420092007000
1064380130,39.058206,-76.972813,1420092007000
585840548,33.161484,-96.731324,1420092007000
1030763755,41.525339,-88.113744,1420092007000
499587279,32.395769,-88.582974,1420092007000
15519381,33.795,-84.401198,1420092007000
17399132,29.524546,-98.580182,1420092008000
33637998,46.191537,-74.625504,1420092008000
58354275,33.68874,-84.719639,1420092008000
2429699264,32.921873,-96.652634,1420092008000
966521911,31.937574,-81.145551,1420092008000
619356874,29.984896,-95.193369,1420092008000
1373214972,28.433758,-99.218342,1420092008000
83969102,20.482027,-99.207951,1420092008000
913008552,35.948633,-86.545513,1420092008000
15519381,29.664258,-95.234301,1420092008000
179115872,43.69538,-79.817073,1420092008000
440411144,27.666964,-97.395175,1420092008000
1442567742,41.920701,-87.735984,1420092008000
1546718396,32.503455,-95.393853,1420092008000
631557439,35.779395,-80.231118,1420092008000
770322582,41.318591,-83.123702,1420092008000
15519381,31.460118,-83.509086,1420092009000
519043376,36.034144,-79.929179,1420092009000
2573661874,35.336721,-97.512518,1420092009000
374161140,36.627642,-95.129827,1420092009000
2700344907,30.27058,-90.982884,1420092009000
2343849828,37.545949,-97.248658,1420092009000
154577243,41.522317,-72.984138,1420092009000
2884118174,41.726503,-88.058322,1420092009000
1450096310,41.693606,-88.367033,1420092009000
15519381,33.862244,-84.470385,1420092009000
2292587444,36.134821,-115.160893,1420092009000
2798944719,40.200903,-77.18982,1420092009000
95352739,20.110795,-98.720115,1420092009000
2951361282,18.892931,-96.947304,1420092010000
113763687,17.515649,-95.140639,1420092010000
15519381,42.463733,-83.460384,1420092010000
399440691,29.698771,-95.185433,1420092010000
2915290080,36.678141,-121.601129,1420092010000
1629105762,39.998316,-83.007228,1420092010000
15519381,37.526834,-121.965639,1420092010000
1386048410,42.849883,-87.908206,1420092010000
491779164,41.388724,-73.287459,1420092010000
15519381,32.787059,-96.820335,1420092010000
147353523,14.9621,-91.8026,1420092011000
172138272,38.09596,-122.229021,1420092011000
60237601,33.53295,-112.123335,1420092011000
531695841,13.37,-86.400002,1420092011000
342890398,39.993283,-76.3572,1420092011000
297158381,41.779735,-93.482629,1420092011000
434550554,29.694362,-95.113573,1420092011000
32607611,33.891033,-118.199417,1420092011000
2387150787,29.886353,-95.559712,1420092011000
412606135,32.337946,-95.434617,1420092011000
700429361,29.803632,-94.961134,1420092011000
2595754200,28.895322,-99.092281,1420092011000
96256810,30.018119,-95.299722,1420092011000
183829847,34.754722,-87.122778,1420092012000
513707600,32.397363,-86.249278,1420092012000
15519381,40.65251,-74.926901,1420092012000
521998777,33.86002,-98.503407,1420092012000
786033877,36.43382,-95.264655,1420092012000
835490269,40.180699,-74.842433,1420092012000
1918260061,49.939503,-97.139065,1420092012000
15519381,41.030604,-73.76394,1420092012000
834651810,44.021784,-88.547274,1420092012000
781205677,41.404216,-81.811521,1420092012000
1263817766,37.808973,-122.232113,1420092012000
40617180,40.636432,-73.590781,1420092013000
2458970734,41.750212,-87.779259,1420092013000
1324887265,32.700533,-97.169084,1420092013000
1280919546,48.853018,-99.819153,1420092013000
2532176005,37.992959,-121.703317,1420092013000
2415111906,41.963238,-87.657063,1420092013000
820429639,33.957984,-118.449628,1420092013000
42153598,41.251443,-96.066878,1420092014000
35864284,35.308646,-80.748689,1420092014000
162083616,25.758429,-108.830788,1420092014000
2449982929,37.989044,-121.328795,1420092014000
2828817561,29.633803,-98.475312,1420092014000
2202286128,49.048523,-122.332509,1420092014000
24455832,43.022241,-87.959746,1420092014000
623171294,32.551181,-97.068859,1420092014000
2682971809,41.824926,-87.618617,1420092014000
27973259,34.128259,-87.899807,1420092014000
15519381,40.332828,-74.775218,1420092014000
15519381,29.648924,-82.304742,1420092014000
790216628,26.016352,-80.400631,1420092014000
29901378,29.61424,-96.015319,1420092015000
1856132426,35.691165,-97.497618,1420092015000
940699915,30.499681,-97.639637,1420092015000
2454271340,18.844125,-97.111047,1420092015000
2153212706,32.686563,-96.572567,1420092015000
2938672969,29.041102,-95.400481,1420092015000
371423377,35.591388,-97.62535,1420092015000
609686535,28.606507,-81.396419,1420092015000
1361000071,32.393806,-99.750761,1420092015000
1959618421,49.786637,-97.158003,1420092015000
15519381,33.748904,-117.907165,1420092015000
2180541613,38.814217,-94.589502,1420092015000
15519381,35.211192,-80.865108,1420092016000
121552949,22.293022,-97.84083,1420092016000
2188943263,35.831979,-86.376577,1420092016000
2269474271,38.665057,-90.291535,1420092016000
15519381,34.295546,-119.291976,1420092016000
86197449,21.785111,-72.192472,1420092016000
1715954588,30.425391,-91.145484,1420092016000
1249572440,35.959288,-86.782742,1420092016000
168846791,36.729718,-119.75362,1420092017000
65954978,33.449098,-112.07325,1420092017000
1883182952,33.989779,-91.965203,1420092017000
597050648,45.158494,-122.599204,1420092017000
807808303,37.757117,-97.438584,1420092017000
1306306873,35.149482,-101.886723,1420092018000
15752235,40.778043,-73.979229,1420092018000
140240040,41.922794,-88.770267,1420092018000
162509115,19.380304,-99.196093,1420092018000
2770433422,35.42652,-89.768777,1420092018000
2820185434,29.7629,-95.3832,1420092018000
286499690,34.442813,-116.89957,1420092018000
497936814,36.181746,-86.564581,1420092018000
1609699441,30.311824,-81.610583,1420092019000
174328495,42.399578,-83.40561,1420092019000
2817087138,40.104499,-74.744947,1420092019000
15519381,34.143769,-117.999476,1420092019000
28643323,41.570694,-86.893483,1420092019000
472089636,30.31137,-89.330305,1420092019000
623594060,41.406044,-73.461222,1420092019000
420782080,31.236484,-85.389523,1420092019000
481617270,43.64796,-79.382901,1420092019000
2245174140,34.741073,-92.425103,1420092019000
722087929,42.029157,-88.145741,1420092019000
516056852,37.549386,-77.450141,1420092019000
1496405046,35.182818,-111.643056,1420092020000
15519381,35.593022,-82.558222,1420092020000
46714924,31.384094,-92.40797,1420092020000
1031918623,37.619857,-82.782339,1420092020000
15519381,40.779373,-73.96949,1420092021000
1937932058,7.608227,-72.600289,1420092021000
15519381,48.098404,-122.237318,1420092021000
1884911545,41.627142,-93.615133,1420092021000
1225639855,30.225662,-90.912109,1420092021000
324692470,38.712746,-75.102231,1420092021000
237385859,41.956663,-87.669169,1420092021000
35864284,35.309805,-80.748628,1420092021000
1499550470,18.223601,-66.051961,1420092021000
1898967350,27.314274,-82.579116,1420092022000
40959324,40.627972,-74.369156,1420092022000
27312803,39.405453,-76.411437,1420092022000
15519381,39.341591,-76.530778,1420092022000
28012061,29.964731,-90.094052,1420092022000
2924729490,25.570839,-103.502008,1420092022000
302792799,30.207811,-97.7552,1420092022000
444385617,30.048892,-94.122166,1420092022000
15519381,33.589927,-85.120833,1420092022000
1639229660,31.657282,-97.463689,1420092022000
34491343,41.471037,-72.834445,1420092022000
2587067222,33.253976,-111.951446,1420092023000
2262994065,34.950116,-89.871496,1420092023000
311669625,36.055039,-86.71179,1420092023000
315652912,38.357132,-87.590958,1420092023000
1253359640,44.037921,-92.76153,1420092023000
2929225880,30.011482,-95.40424,1420092023000
1707868064,27.949985,-82.005474,1420092023000
117290833,38.159276,-122.243052,1420092023000
2432820380,32.82465,-97.081649,1420092023000
181076588,37.768736,-122.453087,1420092023000
100572829,19.306679,-99.152411,1420092023000
101119614,32.378575,-88.699067,1420092023000
15519381,33.561501,-84.416047,1420092023000
702053875,33.163471,-96.361313,1420092024000
628964031,40.645184,-75.399652,1420092024000
96477818,21.51764,-104.921364,1420092024000
2680814078,21.174771,-86.898213,1420092024000
411651912,14.623396,-90.5451,1420092024000
619283810,34.001139,-118.340294,1420092024000
2761047838,40.644827,-73.922128,1420092024000
15519381,33.704911,-84.142726,1420092024000
130157854,25.624089,-103.378872,1420092025000
21311335,40.74582,-73.956932,1420092025000
447619915,33.931708,-118.112417,1420092025000
435175763,34.098586,-118.344612,1420092025000
2202546285,40.757194,-74.053343,1420092025000
15519381,36.083873,-79.832853,1420092025000
1252907802,44.342094,-90.776773,1420092026000
328153464,45.024064,-93.454025,1420092026000
1323837452,33.989547,-117.437504,1420092026000
15519381,40.479008,-74.628315,1420092026000
83191694,29.517341,-95.456212,1420092026000
238435433,29.646417,-95.507007,1420092026000
1149389400,25.748831,-100.351644,1420092026000
438871004,35.031794,-90.045681,1420092026000
348519276,34.510352,-117.584427,1420092026000
350937443,43.113776,-93.389454,1420092027000
47779751,25.6667,-100.3,1420092027000
368480924,31.283293,-92.461511,1420092027000
629138255,25.919278,-97.452375,1420092027000
15519381,40.817398,-73.369148,1420092027000
1056653756,33.026306,-96.449385,1420092027000
745685556,40.878191,-74.180497,1420092027000
1216225693,27.982037,-97.396988,1420092027000
481537245,37.097606,-94.518591,1420092028000
140645786,18.907008,-99.215369,1420092028000
143851412,40.988924,-81.491859,1420092028000
1515337015,35.062531,-89.893138,1420092028000
320006598,29.944618,-90.03439,1420092028000
1615676390,25.949532,-80.151615,1420092028000
570917071,32.958419,-96.805906,1420092029000
15519381,47.444411,-122.142843,1420092029000
2899062223,47.217544,-122.729218,1420092029000
52880431,30.255104,-88.122101,1420092029000
250396645,39.911062,-105.046536,1420092029000
1067398549,32.66735,-97.267413,1420092029000
15519381,35.211192,-80.865108,1420092029000
306506766,40.669108,-73.937056,1420092029000
81915257,38.854646,-77.111622,1420092029000
256248019,31.117004,-97.715295,1420092029000
906566894,41.900502,-92.454615,1420092029000
15519381,39.895208,-75.039366,1420092029000
2842476268,36.113892,-115.175439,1420092029000
15519381,40.865104,-73.62706,1420092030000
2194141219,29.862067,-95.610738,1420092030000
942786636,29.677581,-95.235794,1420092030000
2282940246,41.299316,-82.978579,1420092030000
348421242,19.258774,-99.786943,1420092030000
2320290632,29.561464,-95.669644,1420092030000
630754125,32.732357,-96.669408,1420092030000
2761507000,43.049509,-71.685193,1420092030000
260979845,46.667,-96.803292,1420092030000
25908196,28.548028,-81.398,1420092030000
380382249,33.793782,-84.634317,1420092030000
480062080,31.627054,-85.491555,1420092030000
2202270860,29.762908,-95.789094,1420092030000
349146282,35.823684,-94.629433,1420092030000
2319901860,38.841366,-94.745501,1420092031000
15519381,40.661262,-80.083168,1420092031000
119028229,38.048388,-85.552322,1420092031000
487131766,42.299716,-83.414856,1420092031000
15519381,39.964218,-75.200972,1420092031000
1668610134,32.586536,-97.118948,1420092032000
15519381,35.174091,-79.390844,1420092032000
2847691708,36.091452,-83.932304,1420092032000
238658570,42.649656,-82.960935,1420092032000
237011841,32.835609,-83.625986,1420092032000
614870497,32.02563,-102.063117,1420092032000
558223230,20.144791,-101.183616,1420092032000
36484550,45.166848,-93.195135,1420092032000
2427988886,33.476022,-86.978037,1420092032000
401694249,32.799131,-85.684039,1420092032000
1549058844,41.084339,-74.383307,1420092033000
631666197,34.737221,-80.100262,1420092033000
426188066,40.763094,-73.54538,1420092033000
235575994,45.181733,-93.870794,1420092033000
102566129,42.267149,-89.069515,1420092033000
466136949,17.977982,-66.292526,1420092033000
45965897,43.71283,-79.449032,1420092033000
2540219822,29.549627,-98.301469,1420092033000
2302407842,37.055186,-93.212523,1420092033000
516056852,37.549676,-77.449513,1420092033000
15519381,47.687703,-122.192053,1420092034000
1620630902,40.750752,-86.316635,1420092034000
1873530720,42.54465,-83.157224,1420092034000
447460560,40.193514,-80.2547,1420092034000
26919108,41.683099,-86.877669,1420092034000
295351867,41.185154,-96.057819,1420092034000
2182866540,49.930636,-97.174684,1420092034000
211715635,39.01102,-94.657995,1420092034000
2206092871,34.005859,-117.882279,1420092034000
2879508794,32.590114,-96.880222,1420092034000
372463426,44.763441,-93.483983,1420092034000
935735942,43.742849,-89.659231,1420092035000
477361629,40.780355,-79.817522,1420092035000
975240654,15.681976,-87.331958,1420092035000
2203909120,33.626798,-85.631516,1420092035000
394740952,10.922586,-74.798039,1420092035000
862414182,38.638269,-75.577825,1420092035000
387429449,41.973728,-88.101933,1420092035000
2451932702,35.311714,-119.103881,1420092036000
2896832301,42.14967,-71.14787,1420092036000
1041384116,36.077663,-86.888802,1420092036000
260271770,19.162108,-96.173885,1420092036000
15947290,37.277393,-121.950899,1420092036000
258641669,32.765683,-96.656379,1420092036000
128381437,19.193166,-100.133712,1420092036000
27544082,35.780465,-86.898718,1420092037000
1014572558,44.931963,-96.049251,1420092037000
18664474,41.932148,-87.720983,1420092037000
1365439956,47.267825,-122.452038,1420092037000
112364569,33.690047,-114.758272,1420092037000
30281007,34.4952,-118.617228,1420092037000
139151885,14.703794,-91.848965,1420092037000
1126077949,40.812024,-85.839461,1420092037000
280157258,33.781324,-84.387626,1420092037000
67603939,47.663611,-94.983889,1420092037000
44361783,28.357091,-81.560087,1420092037000
43482382,42.971901,-88.014285,1420092037000
2519405151,40.635529,-73.906359,1420092037000
552312202,33.585915,-101.942096,1420092038000
1973751000,34.437137,-118.558582,1420092038000
2427068123,38.311216,-84.823337,1420092038000
1118356332,32.734766,-96.475213,1420092038000
72958595,32.93485,-96.819552,1420092038000
333810347,34.704379,-82.308618,1420092038000
55945092,40.841,-74.2721,1420092039000
1187871104,32.67831,-97.230342,1420092039000
614913450,42.357335,-89.011715,1420092039000
1261007485,35.60712,-78.643329,1420092039000
103054122,19.04316,-98.22673,1420092039000
88296327,30.014788,-90.263269,1420092039000
561007138,42.015301,-87.664552,1420092039000
1226598678,31.912183,-97.319603,1420092040000
453440429,44.958987,-92.818879,1420092040000
2194753887,33.325602,-85.089448,1420092040000
130993038,19.04572,-98.154663,1420092040000
939078026,39.928372,-75.162285,1420092040000
518118476,42.577656,-71.815771,1420092040000
719353849,32.850669,-97.255499,1420092040000
347039955,34.169386,-118.342151,1420092041000
2808833053,40.11029,-88.218612,1420092041000
42336793,18.056678,-76.828834,1420092041000
386165702,17.962722,-92.961265,1420092041000
448922660,35.620458,-78.681967,1420092041000
705745094,32.727937,-97.155996,1420092041000
1161136290,29.482915,-98.410255,1420092041000
87769777,20.605754,-103.251573,1420092041000
477997605,32.666889,-97.253572,1420092041000
196378729,17.867163,-92.488462,1420092041000
456154016,40.740669,-74.033597,1420092041000
454971661,34.923786,-78.901052,1420092042000
39626653,9.961495,-84.043483,1420092042000
28643323,41.570687,-86.893465,1420092042000
2372556522,32.94945,-96.659263,1420092042000
1137189140,32.653298,-96.923573,1420092042000
2901503405,45.515066,-76.545781,1420092042000
590258378,44.896637,-93.316098,1420092042000
495245814,35.642634,-87.014605,1420092042000
2358628276,40.839692,-74.285222,1420092042000
2246664809,6.294714,-75.570515,1420092042000
2399862932,32.659337,-96.813711,1420092042000
378209711,40.592243,-75.452236,1420092042000
134364120,32.721166,-117.158132,1420092042000
131832005,30.004954,-95.56807,1420092042000
293767525,29.659303,-82.415704,1420092042000
334382596,38.595089,-76.544757,1420092042000
308671133,35.361886,-97.730627,1420092043000
324753202,34.001202,-80.495775,1420092043000
420412310,26.619162,-80.037955,1420092043000
262525513,19.458365,-99.178011,1420092043000
2741353270,29.497594,-95.173294,1420092043000
313752052,36.453188,-94.256492,1420092043000
150320702,32.864524,-96.774265,1420092043000
744049944,41.697323,-87.709909,1420092043000
1733239404,30.387223,-88.698615,1420092043000
463421564,32.916304,-96.651881,1420092044000
2715346323,39.767399,-74.220083,1420092044000
2818005772,40.697234,-73.888676,1420092044000
2429583223,29.922842,-89.902338,1420092044000
74358930,22.123508,-100.954527,1420092044000
474584507,30.273206,-95.416357,1420092044000
2419861028,33.935147,-118.083146,1420092045000
289112406,30.101094,-90.994259,1420092045000
514604348,26.034687,-80.137414,1420092045000
359691453,21.295875,-100.537164,1420092045000
2517968832,27.233644,-80.22605,1420092045000
2281400118,32.538409,-97.327112,1420092046000
629937075,34.109951,-84.539103,1420092046000
277112174,34.055909,-118.246132,1420092046000
235809326,29.908767,-95.601032,1420092046000
2203923862,33.682605,-84.028326,1420092046000
474771906,32.93462,-96.813242,1420092047000
1223412272,30.266414,-81.707348,1420092047000
1155664843,41.136341,-96.055757,1420092047000
167074885,19.413333,-99.172093,1420092047000
631693344,42.387569,-83.372241,1420092047000
38085454,49.940878,-96.816238,1420092047000
2925900128,38.532029,-121.436107,1420092047000
316920196,37.807242,-122.267248,1420092047000
106287573,45.415307,-75.41633,1420092047000
485322907,21.14858,-101.671512,1420092048000
141070721,34.918977,-89.80022,1420092048000
1041147852,37.45428,-122.435959,1420092048000
1492006813,33.197238,-97.088084,1420092048000
1198601100,10.34301,-67.03713,1420092048000
164023241,19.312834,-99.148211,1420092048000
853791331,39.02915,-94.398745,1420092049000
947393384,42.3653,-83.261579,1420092049000
851837246,29.845169,-95.714846,1420092049000
879361399,40.903447,-74.399423,1420092049000
471665355,40.793881,-73.644342,1420092049000
18798409,29.720791,-95.417141,1420092049000
1146244130,34.191459,-118.62971,1420092049000
739735207,28.909358,-82.454234,1420092049000
501309449,40.20178,-74.730996,1420092049000
1906066657,30.019539,-89.977472,1420092049000
1706016518,30.087419,-90.437706,1420092050000
1445276203,29.56965,-95.226264,1420092050000
1467374635,41.823061,-87.853646,1420092050000
1087437907,35.312523,-97.535802,1420092050000
703582110,39.498271,-76.392034,1420092050000
157363362,40.046094,-75.072754,1420092050000
164064147,19.458348,-70.684527,1420092050000
242126129,40.270262,-74.492766,1420092050000
2710803263,40.133091,-75.552987,1420092050000
1496364864,27.955923,-82.475435,1420092051000
392253793,41.594138,-91.025734,1420092051000
1321581224,34.303725,-83.96281,1420092051000
208208800,39.685689,-89.683432,1420092051000
463421564,32.916206,-96.648444,1420092051000
718515241,41.592277,-87.784737,1420092051000
242182877,35.031628,-120.484972,1420092051000
301693551,46.753541,-92.188726,1420092051000
299326686,35.230456,-80.8434,1420092051000
855667458,33.048087,-96.745771,1420092051000
571996813,42.649385,-71.334998,1420092051000
1108013449,35.244456,-80.878197,1420092051000
1128937556,49.848604,-99.990792,1420092052000
1387144327,34.833581,-77.445835,1420092052000
447476620,29.084265,-80.988183,1420092052000
477146172,29.733912,-95.485509,1420092052000
434332628,39.834473,-88.941716,1420092052000
81039778,8.998618,-79.517086,1420092052000
1086598664,28.238635,-82.393628,1420092052000
196621444,33.973144,-84.361142,1420092052000
521962106,42.745438,-84.492414,1420092053000
102552933,29.34459,-98.316716,1420092053000
2826574979,32.590218,-97.059635,1420092053000
2300512633,41.06122,-85.272011,1420092053000
540475386,42.341643,-71.109982,1420092053000
811283762,44.296676,-94.451129,1420092053000
2577027470,32.425666,-88.786356,1420092053000
2733630149,32.783272,-83.787764,1420092053000
357279549,34.145769,-118.13116,1420092053000
606798932,32.726874,-96.593145,1420092054000
634698756,42.602778,-88.502669,1420092054000
748656492,33.549577,-117.12931,1420092054000
124951946,42.921372,-78.83098,1420092054000
2329187590,26.164903,-80.16153,1420092054000
1366110535,33.00313,-96.893715,1420092054000
606541632,41.543155,-94.083095,1420092054000
735694321,40.461247,-87.661688,1420092054000
403037654,47.651322,-122.345072,1420092054000
1118440693,5.88111,-73.6825,1420092055000
378848134,38.828694,-90.860976,1420092055000
2497356414,40.044492,-75.404576,1420092055000
169332151,33.241739,-95.901297,1420092055000
1226512752,30.066298,-95.5167,1420092055000
393141814,30.532303,-97.55465,1420092055000
257608443,43.069104,-87.879953,1420092055000
286360890,39.86082,-85.977622,1420092055000
2319003866,33.547466,-81.696758,1420092055000
1064707525,37.821186,-92.135627,1420092055000
579977232,40.946787,-82.357853,1420092055000
632587883,30.840005,-83.295644,1420092055000
186571448,28.158107,-81.483366,1420092055000
1646782622,40.239919,-75.222784,1420092055000
9389892,28.418814,-81.581183,1420092056000
198351185,39.53014,-85.784142,1420092056000
317474001,39.828779,-84.227613,1420092056000
2433615948,35.496668,-97.723174,1420092056000
865427520,44.880923,-87.866831,1420092056000
429274999,18.184693,-93.063775,1420092056000
2423862197,33.768542,-117.976159,1420092056000
2222074817,40.74227,-73.957249,1420092056000
1735609069,45.505384,-122.390366,1420092056000
575940552,35.824711,-78.239808,1420092057000
214081589,44.694688,-90.205892,1420092057000
2267478725,40.682178,-75.220447,1420092057000
1437203700,33.651696,-117.746422,1420092057000
622158016,38.867755,-104.674761,1420092057000
916282051,29.70961,-95.193924,1420092057000
217983856,35.817676,-78.595103,1420092058000
2525108454,49.943203,-97.122148,1420092058000
2193685661,36.176649,-89.831101,1420092058000
1638303811,41.290778,-73.259259,1420092058000
200525742,29.785508,-95.301358,1420092058000
1244933028,42.053547,-88.132869,1420092058000
2444752009,43.262753,-90.73407,1420092059000
2317521255,34.016012,-118.294106,1420092059000
1038164293,38.935333,-94.815877,1420092059000
29646434,37.556093,-77.469505,1420092060000
1457078275,40.735309,-73.733726,1420092060000
471665355,40.791676,-73.647071,1420092060000
281132244,32.270321,-98.299914,1420092060000
1414304156,34.244637,-83.932603,1420092060000
622996243,31.117978,-97.913884,1420092060000
1276129988,39.136902,-76.564881,1420092060000
2722808438,33.023816,-97.007189,1420092060000
17081068,40.77094,-111.885958,1420092060000
2888611043,41.292812,-72.795541,1420092060000
2214074326,40.384407,-75.200605,1420092060000
621203582,42.160438,-98.340075,1420092060000
460653067,32.274347,-110.826897,1420092061000
266831575,33.644804,-116.21325,1420092061000
1046798881,23.248977,-106.404245,1420092061000
78170339,29.518192,-98.467405,1420092061000
470550130,36.558694,-82.634439,1420092061000
476372994,42.626453,-83.057023,1420092062000
437897212,42.541017,-88.560531,1420092062000
2557340288,21.13922,-86.847429,1420092062000
2181268722,5.774732,-73.114224,1420092062000
347391843,40.802802,-74.051898,1420092062000
41739247,33.819893,-84.120668,1420092062000
2448046734,38.686635,-88.75471,1420092062000
897861770,38.77136,-104.812337,1420092062000
543996201,28.673047,-81.473048,1420092062000
540431698,39.286176,-76.607931,1420092062000
559140294,43.378735,-72.599524,1420092063000
1490432474,42.993444,-84.55296,1420092063000
69121738,23.211709,-106.41353,1420092063000
255517893,32.646539,-97.050532,1420092063000
328241181,35.205195,-86.593599,1420092063000
2256042678,29.548549,-95.679931,1420092063000
2386929071,35.079204,-90.002273,1420092063000
222973137,32.538693,-83.731287,1420092064000
339836296,39.922517,-75.112065,1420092064000
1670362650,29.854396,-95.197087,1420092064000
285712622,33.175031,-96.862761,1420092064000
2610265050,29.405373,-94.938301,1420092064000
21174661,52.092692,-106.580425,1420092065000
2316472118,34.077358,-117.640565,1420092065000
2943423288,36.224792,-86.377066,1420092065000
2298466236,30.55417,-97.615336,1420092065000
299818892,40.006405,-105.2492,1420092065000
256299499,40.448979,-79.902241,1420092065000
2247955376,32.51351,-96.797189,1420092065000
2328254366,42.45667,-83.190541,1420092065000
535481009,43.84163,-92.483944,1420092065000
333761464,39.200058,-94.560966,1420092065000
48209848,39.503545,-77.880582,1420092065000
1038504158,39.651672,-79.871249,1420092066000
282797812,34.286086,-82.060909,1420092066000
368610769,30.070449,-94.096096,1420092067000
717510137,28.198026,-80.686604,1420092067000
24852584,25.775356,-80.186512,1420092067000
53232465,37.565774,-122.284983,1420092067000
2746745914,28.228864,-82.698683,1420092068000
588035454,40.979681,-73.832804,1420092068000
263858455,37.684043,-96.864468,1420092068000
2723339687,32.664525,-116.960834,1420092068000
1729867292,33.033629,-96.700234,1420092068000
399511394,43.246481,-77.652479,1420092068000
1411665474,41.244751,-95.860979,1420092068000
858184111,27.918865,-82.796901,1420092069000
2896788391,29.689931,-95.34779,1420092069000
122457499,40.655277,-74.312239,1420092069000
267884368,32.700129,-96.785847,1420092069000
458832229,25.581932,-103.494576,1420092069000
305077718,35.738503,-89.524835,1420092069000
734867647,43.086125,-87.969547,1420092069000
2767451772,30.442641,-90.073368,1420092070000
501459199,42.871759,-78.697005,1420092070000
1014189061,44.911768,-93.256148,1420092070000
181859696,43.103693,-75.22751,1420092070000
408934891,64.07044,-145.587367,1420092070000
12955362,33.777301,-84.385642,1420092070000
2451169618,38.90176,-77.050405,1420092071000
81507780,20.055159,-102.727038,1420092071000
1040978996,42.195075,-71.060419,1420092071000
24879699,32.89713,-96.770951,1420092071000
2915010907,30.165261,-92.066878,1420092071000
409937230,32.723129,-97.083228,1420092071000
349146282,35.823695,-94.629485,1420092072000
1340583788,36.90147,-94.847069,1420092072000
2158054135,41.311838,-95.964405,1420092072000
1888558980,33.471414,-86.870334,1420092073000
2374743882,42.331705,-88.230161,1420092073000
523634672,38.58074,-76.744872,1420092073000
2812499868,33.269757,-87.596214,1420092073000
2569824973,39.152957,-77.982294,1420092073000
403504624,32.92735,-80.124967,1420092073000
504993114,35.77084,-86.392188,1420092073000
533729872,40.317695,-74.142858,1420092073000
50520150,36.607131,-83.744175,1420092073000
16292555,30.403935,-90.155676,1420092074000
2655549200,32.93702,-97.223704,1420092075000
797019840,37.420193,-77.692753,1420092075000
827135966,41.772292,-89.686088,1420092075000
2706829250,34.948416,-82.225845,1420092075000
1031921598,39.495902,-104.729448,1420092075000
1161914665,34.019745,-86.023901,1420092076000
881102690,30.309293,-97.680086,1420092076000
2262101839,42.239813,-71.795189,1420092076000
2274199198,38.768925,-77.217923,1420092076000
1333302277,46.232014,-119.271665,1420092076000
566687839,37.300638,-120.465917,1420092076000
279314173,41.640263,-86.884099,1420092076000
552158162,38.900518,-94.689321,1420092076000
2560129878,33.110707,-96.630175,1420092077000
1901705828,39.966422,-86.122826,1420092077000
144911236,38.640503,-76.914731,1420092077000
349217984,38.987395,-74.884573,1420092077000
83875229,20.603667,-105.235674,1420092077000
34047310,39.917988,-75.149452,1420092077000
1716053052,40.716737,-73.309227,1420092077000
2857323924,33.042318,-96.710493,1420092077000
803705113,32.87749,-97.238909,1420092077000
556952189,36.811511,-76.030645,1420092077000
314727213,9.021348,-79.465819,1420092078000
2675255912,29.191285,-98.858314,1420092078000
627516894,28.886832,-99.096566,1420092078000
2897116238,49.881338,-97.252768,1420092078000
4869351,40.784434,-77.910559,1420092078000
78735081,33.79513,-116.515557,1420092079000
812289685,38.442385,-93.337804,1420092079000
827886738,43.699805,-91.019397,1420092079000
2743144444,29.420196,-98.182824,1420092079000
354456174,41.074924,-81.519509,1420092079000
943933614,43.060581,-77.66367,1420092079000
312270527,39.83188,-86.379162,1420092079000
557393670,32.645423,-97.122758,1420092079000
2451169618,38.901765,-77.050387,1420092080000
121143940,45.429397,-75.68961,1420092080000
235464723,34.557751,-87.401202,1420092080000
19165138,47.657312,-117.424272,1420092080000
1036310534,37.723462,-97.26449,1420092080000
492748599,39.586186,-75.976966,1420092080000
388613953,42.369631,-88.893085,1420092081000
1631020483,38.878356,-77.240571,1420092081000
350632622,38.714096,-76.993549,1420092081000
524654240,42.224228,-83.222336,1420092081000
237469190,32.384153,-93.790011,1420092081000
344886025,41.498924,-81.700462,1420092081000
234601367,34.096359,-84.223741,1420092081000
140290624,42.100672,-88.058004,1420092081000
437175020,45.249611,-63.383134,1420092081000
2953700417,37.678097,-97.460307,1420092082000
236602687,39.897812,-104.945023,1420092082000
402349964,41.878114,-87.629798,1420092082000
180981637,35.198414,-111.648747,1420092082000
140910614,30.299035,-91.945701,1420092082000
1877332040,28.751902,-81.350006,1420092082000
915751063,45.128423,-93.470589,1420092082000
2914662772,20.958039,-97.399751,1420092082000
514595971,38.487183,-121.498356,1420092082000
387439687,29.657592,-95.34878,1420092083000
842708695,30.60762,-96.309152,1420092083000
2488924081,30.12211,-95.387917,1420092083000
781639459,37.344731,-121.824648,1420092083000
429053028,44.153724,-70.517046,1420092083000
48771742,41.296393,-96.141643,1420092084000
1250423456,39.63031,-84.217748,1420092084000
588643501,44.980378,-92.951521,1420092084000
809714365,9.982156,-84.194584,1420092084000
15832490,39.327686,-76.626483,1420092084000
2542199046,29.785632,-91.509664,1420092084000
332494314,32.751352,-117.088281,1420092084000
528571835,44.947993,-85.183254,1420092084000
523744630,37.173213,-93.404298,1420092084000
2648790468,42.435741,-88.067875,1420092084000
126787787,41.582119,-72.697525,1420092084000
1424318502,38.309435,-90.406757,1420092084000
83687288,29.955833,-95.166349,1420092084000
277769203,42.014702,-87.679307,1420092085000
472371720,29.894616,-90.21305,1420092085000
635854671,33.347542,-97.172048,1420092085000
125465481,39.354134,-101.705466,1420092085000
2739475235,42.529236,-71.754927,1420092085000
250945184,38.877188,-77.020589,1420092085000
52444466,44.33697,-78.543465,1420092086000
216251584,44.913019,-93.1452,1420092086000
610409165,42.77016,-73.846715,1420092086000
2231022651,40.544729,-74.587095,1420092086000
2230589376,20.670579,-103.412098,1420092086000
235500130,29.963171,-90.168176,1420092086000
276742297,36.265462,-90.300455,1420092086000
990253140,30.156938,-90.924543,1420092086000
2352423235,47.920367,-122.256481,1420092086000
2606688709,32.796011,-96.636896,1420092087000
119771548,39.031986,-104.78034,1420092087000
477146172,29.733905,-95.485497,1420092087000
304454918,42.015244,-87.799515,1420092087000
130334581,20.132536,-97.212419,1420092087000
951710228,31.987393,-102.08263,1420092088000
481610150,39.894129,-89.612631,1420092088000
275878764,39.873162,-83.068805,1420092088000
404310003,41.584001,-93.704516,1420092089000
1352247018,29.58682,-95.203069,1420092089000
1031723215,43.795943,-79.281795,1420092089000
614870497,32.025611,-102.063125,1420092089000
884349612,40.854358,-74.108402,1420092089000
631681573,35.781454,-81.307277,1420092090000
1957959314,26.244193,-98.25551,1420092090000
1587282427,42.93407,-83.462701,1420092090000
2495439534,30.219021,-92.012653,1420092090000
1457078275,40.735309,-73.733726,1420092090000
2847753553,41.341228,-96.036771,1420092090000
2574131152,25.735517,-100.401785,1420092090000
618531117,35.767505,-84.006401,1420092090000
178518009,39.962879,-82.49276,1420092090000
495245814,35.642593,-87.01449,1420092090000
156147348,35.856455,-90.650652,1420092090000
38363036,37.66505,-120.913924,1420092091000
2746003793,38.77712,-76.994622,1420092091000
1040381268,41.8228,-71.411873,1420092091000
27335486,39.34051,-76.63394,1420092091000
478000923,45.026802,-93.095145,1420092091000
40324329,33.468947,-112.190205,1420092091000
564035008,38.426091,-90.329245,1420092091000
249412555,43.096286,-79.037105,1420092091000
406032653,33.166755,-87.527829,1420092092000
2457530023,34.781657,-98.465693,1420092092000
2258513852,39.964072,-75.728631,1420092092000
2515418457,39.898359,-75.282564,1420092092000
63549833,32.870897,-96.615801,1420092092000
26829069,26.17499,-80.155735,1420092092000
1661062118,30.173516,-90.865774,1420092092000
310343293,29.697704,-95.331345,1420092092000
561007138,42.015384,-87.664269,1420092092000
294278398,15.485682,-87.968638,1420092093000
1881541159,33.116169,-96.64449,1420092093000
38644403,21.308889,-157.826111,1420092094000
715539325,40.546416,-74.213625,1420092094000
1656933236,38.756972,-90.784984,1420092094000
2733032362,32.7457,-96.545999,1420092094000
852979508,35.690781,-79.889306,1420092094000
94385124,30.593187,-100.546024,1420092094000
418103075,41.811804,-86.648659,1420092094000
45242174,39.752923,-75.248382,1420092094000
30731850,41.483563,-87.741399,1420092095000
2592329090,29.703539,-95.36392,1420092095000
377116288,34.221694,-118.551596,1420092095000
2226650396,31.319097,-101.247661,1420092095000
2733078232,25.823302,-80.264033,1420092095000
797147064,37.82851,-87.580785,1420092095000
2538241350,40.569171,-122.437875,1420092095000
349217984,38.987554,-74.884869,1420092095000
42806681,26.070672,-97.482399,1420092096000
45308109,29.793326,-95.201223,1420092096000
334894085,30.044817,-90.847607,1420092096000
473455980,34.48075,-117.395223,1420092096000
1961233230,25.480998,-80.418766,1420092096000
15637631,37.986549,-121.752448,1420092096000
1902290929,38.029137,-121.936973,1420092096000
1567539859,35.826918,-86.468748,1420092096000
2670261319,43.057907,-87.944208,1420092097000
517023899,32.546364,-93.630078,1420092097000
2952721962,44.831181,-93.26724,1420092097000
723242672,29.615161,-95.258229,1420092097000
196621444,33.973155,-84.361121,1420092097000
330633312,32.248423,-101.447065,1420092097000
919984308,41.111567,-88.824288,1420092098000
2897967145,32.59757,-97.153076,1420092098000
456369634,41.714895,-87.670946,1420092098000
2196675596,42.268225,-88.027192,1420092098000
866471960,43.463105,-70.793356,1420092098000
129078122,45.857345,-119.284222,1420092098000
796385736,34.737778,-80.776352,1420092098000
23676863,38.64876,-121.321978,1420092098000
532574597,32.804788,-96.990445,1420092098000
1284003428,33.027285,-96.855866,1420092098000
2303814980,30.543247,-96.283476,1420092098000
1594305992,33.803354,-117.907167,1420092098000
2554564964,23.747507,-99.111268,1420092098000
276835706,39.238717,-120.020233,1420092098000
1683439308,41.568956,-87.503736,1420092099000
610409165,42.77016,-73.846715,1420092099000
737478072,33.878974,-98.48936,1420092099000
722959544,33.202283,-96.732759,1420092099000
292107684,19.995397,-99.321267,1420092099000
1682181667,29.548882,-95.105337,1420092099000
2445984715,30.395398,-88.949132,1420092099000
596835152,30.232819,-97.713077,1420092100000
425477426,19.996353,-99.322556,1420092100000
416773468,34.021189,-118.279954,1420092100000
69006101,40.751405,-73.940128,1420092100000
2536313068,36.08865,-96.129082,1420092101000
534704942,10.919409,-74.809892,1420092101000
295390785,41.964841,-88.095067,1420092101000
280273900,31.813018,-89.144284,1420092101000
284763865,41.502224,-87.667206,1420092101000
386921750,40.758745,-74.253776,1420092101000
2284352598,32.578587,-85.440966,1420092101000
23898577,12.444498,-69.944283,1420092101000
362938795,38.853806,-94.784887,1420092101000
27074414,37.843737,-122.25148,1420092101000
1888592472,42.471049,-92.057082,1420092101000
575846223,41.606363,-93.833654,1420092101000
2433615948,35.496668,-97.723174,1420092101000
738934758,45.350826,-93.771566,1420092102000
480976687,32.569842,-84.918791,1420092102000
545596953,19.46139,-96.953212,1420092102000
2199790910,36.006454,-95.91142,1420092102000
737598379,33.257221,-96.763695,1420092103000
1463599710,39.730106,-74.994292,1420092103000
537886278,33.516668,-82.154743,1420092103000
324758703,35.625403,-97.445636,1420092103000
235650666,32.995775,-96.86643,1420092103000
610409165,42.77016,-73.846715,1420092103000
285307659,41.328231,-96.037929,1420092103000
543737845,30.662075,-88.085326,1420092103000
2725368865,35.162487,-89.862529,1420092104000
462416892,39.733887,-75.722136,1420092104000
2570171737,39.609466,-104.73256,1420092104000
556368753,32.98302,-96.649177,1420092104000
578491423,10.169518,-67.542081,1420092104000
784022978,42.778781,-82.749131,1420092104000
22502285,42.757452,-70.997526,1420092104000
1584980647,38.659324,-90.536823,1420092104000
2463914653,30.036951,-95.365112,1420092104000
322364378,40.763597,-73.997343,1420092104000
501377600,30.51113,-81.797107,1420092104000
2567903606,30.168654,-92.078034,1420092104000
2845796135,40.16312,-74.209154,1420092105000
1640902982,41.625484,-90.342421,1420092105000
2924231472,36.608521,-121.832614,1420092105000
2287649096,32.894213,-96.470306,1420092105000
860415895,31.709958,-92.053489,1420092106000
28114927,30.674702,-88.2311,1420092106000
2492007134,26.142852,-81.790614,1420092106000
2382810860,37.781561,-121.939246,1420092106000
1367384185,36.879584,-76.173378,1420092106000
2319272903,41.466361,-74.166234,1420092106000
2231788488,43.150152,-88.322804,1420092106000
787229556,41.599196,-87.893271,1420092106000
1596979118,30.026284,-95.30099,1420092107000
614683311,33.238404,-97.095402,1420092107000
1445356340,29.586772,-95.604155,1420092107000
781850251,34.013295,-118.272755,1420092107000
348641423,29.998715,-90.171534,1420092107000
14413441,36.021385,-86.718461,1420092107000
96044147,45.069907,-93.289916,1420092107000
2910339848,32.590963,-97.041117,1420092108000
1113285834,31.033656,-81.416005,1420092108000
287296774,32.932092,-96.800174,1420092108000
1520633521,29.496333,-95.103262,1420092108000
441297852,36.917294,-76.266034,1420092108000
163717283,45.429838,-73.593722,1420092108000
373530093,38.786984,-90.762365,1420092108000
14966624,41.964495,-91.661509,1420092108000
2434469880,31.9592,-90.363234,1420092108000
41638326,39.898166,-82.956751,1420092108000
2605437853,43.69428,-70.604692,1420092108000
1323237432,19.077831,-98.246502,1420092108000
2468272010,34.82859,-89.987701,1420092109000
285075410,38.8793,-104.836769,1420092109000
604950134,30.315056,-81.449976,1420092109000
2292529108,40.854124,-96.790247,1420092109000
212335245,38.927188,-94.366482,1420092109000
2407856904,35.236165,-89.868291,1420092109000
2636454094,42.358461,-71.128618,1420092109000
2384035424,41.643258,-88.583371,1420092109000
2395120244,33.171525,-97.589929,1420092110000
2789025374,40.741888,-96.5976,1420092110000
564864958,41.668936,-71.54843,1420092110000
2241485358,29.338592,-98.612536,1420092110000
300058663,40.6984,-73.9914,1420092111000
447746522,42.154597,-89.210431,1420092111000
1635965732,41.683472,-87.756114,1420092111000
245872085,9.040003,-79.51578,1420092111000
182856529,44.907619,-93.051294,1420092111000
330656236,37.308584,-89.53553,1420092111000
1894833762,29.713017,-95.340642,1420092111000
594494354,32.986437,-96.773048,1420092111000
970730556,42.168094,-88.293804,1420092112000
2239918542,40.734462,-73.865424,1420092112000
575543513,41.225672,-89.940157,1420092112000
136695695,30.068278,-90.686263,1420092112000
2544106461,33.538564,-101.916953,1420092112000
981346112,47.877773,-122.198245,1420092112000
2260943766,42.318915,-83.297298,1420092112000
1591618208,33.059587,-96.748234,1420092112000
518078475,29.601863,-95.351658,1420092112000
461762277,30.396121,-97.706061,1420092112000
427772508,40.99274,-76.042494,1420092112000
1589026086,27.666822,-80.359675,1420092113000
148378420,40.395567,-80.022787,1420092113000
373227566,13.096677,-86.356497,1420092113000
8012152,40.073548,-74.973665,1420092113000
2581528621,33.037951,-96.597863,1420092113000
2814168649,39.649664,-104.813287,1420092113000
122771075,44.953019,-93.640686,1420092113000
524073343,47.624802,-122.320881,1420092113000
36304612,34.037467,-118.866763,1420092113000
7240112,42.07052,-87.68927,1420092113000
2894938119,39.944491,-75.210819,1420092114000
29519299,40.765206,-73.01903,1420092114000
454713959,30.374795,-97.651528,1420092114000
611737751,39.924454,-75.168824,1420092114000
2568588163,32.889058,-97.291324,1420092114000
2364498114,42.066122,-88.042987,1420092114000
1346239484,33.895973,-117.819732,1420092115000
1902650094,35.613866,-80.568802,1420092115000
269087156,30.001047,-90.065644,1420092115000
84462430,41.476083,-90.469801,1420092115000
125159486,37.7719,-79.985408,1420092115000
1164878520,39.613668,-75.886172,1420092115000
541461185,40.112985,-75.480842,1420092115000
2284190431,14.550446,-90.747973,1420092115000
1706132730,29.730292,-95.471754,1420092115000
1311707707,30.408675,-97.916201,1420092116000
593974475,34.639513,-92.520117,1420092116000
257246987,26.025264,-80.189958,1420092116000
1421743922,29.674205,-98.148929,1420092116000
365155648,37.702883,-97.266023,1420092117000
610409165,42.770409,-73.846458,1420092117000
2821333840,42.005671,-87.825945,1420092117000
2316304502,49.488616,-96.903699,1420092117000
1518373404,42.328935,-87.845291,1420092117000
1445207546,38.825255,-90.688898,1420092117000
590258378,44.896637,-93.316098,1420092118000
349731940,39.041258,-76.939831,1420092118000
407330167,33.124793,-96.777019,1420092118000
297583506,25.76153,-80.189321,1420092118000
237059651,45.209747,-93.099652,1420092118000
496323855,14.65791,-90.460359,1420092118000
2759807444,40.718927,-73.433587,1420092118000
867289825,29.609693,-95.250008,1420092118000
55995515,34.048997,-118.526612,1420092119000
1590031166,39.905993,-74.91369,1420092119000
2928961933,32.403822,-97.320871,1420092119000
1577905488,42.310535,-71.074206,1420092119000
1151236382,33.026583,-96.632182,1420092119000
121196087,33.198667,-97.136941,1420092119000
2318867470,35.826443,-78.547445,1420092119000
117618282,40.071911,-80.688679,1420092119000
2582469642,37.64821,-80.883076,1420092119000
34450003,26.190306,-97.712749,1420092119000
2292529108,40.854284,-96.790153,1420092119000
87842139,10.151397,-64.697168,1420092120000
451257925,34.026215,-117.636903,1420092120000
1566837498,41.783575,-88.144734,1420092120000
27281623,42.445357,-87.869105,1420092120000
610409165,42.770409,-73.846458,1420092120000
333472833,42.306965,-89.082801,1420092120000
2170767372,40.479932,-88.980592,1420092120000
109597416,40.588001,-80.245766,1420092121000
345776460,36.109623,-115.175194,1420092121000
749338627,42.128904,-83.247784,1420092121000
14806798,39.784691,-86.155271,1420092121000
1189939747,40.91885,-80.995754,1420092121000
2255501941,28.302052,-82.694517,1420092121000
1362781638,31.115995,-97.884893,1420092121000
140860889,34.250314,-116.928414,1420092121000
2344198843,42.512712,-89.023661,1420092121000
16292555,30.403935,-90.155676,1420092122000
2899779681,32.728645,-83.704298,1420092122000
1263735888,12.152606,-86.307958,1420092122000
565743398,33.736081,-116.368862,1420092122000
441099984,34.823777,-87.629457,1420092122000
455425715,33.044368,-96.730607,1420092122000
970824032,19.861296,-100.831614,1420092122000
1061777984,39.347396,-76.598784,1420092122000
359513547,43.640992,-79.376812,1420092122000
854688900,40.713634,-73.900201,1420092123000
427074207,33.597353,-83.729769,1420092123000
1154531161,29.735252,-95.28596,1420092123000
910572458,40.843363,-73.105126,1420092123000
5421872,32.827468,-97.172256,1420092123000
581867489,39.7546,-104.991,1420092123000
58968111,44.867252,-91.930418,1420092123000
496296364,31.097279,-99.435558,1420092124000
78039963,34.442309,-82.375004,1420092124000
81921672,38.942839,-77.035253,1420092124000
495245814,35.642872,-87.014558,1420092124000
1855964401,42.595834,-82.83258,1420092124000
600333710,30.738102,-90.534862,1420092124000
1512176125,29.17914,-81.004565,1420092124000
133403248,40.867904,-74.078744,1420092124000
195953859,34.82946,-86.49572,1420092125000
14597836,43.755646,-87.718003,1420092125000
2304357707,41.806185,-87.659992,1420092125000
15361753,33.754005,-84.391426,1420092125000
316307987,32.941656,-96.685416,1420092125000
78163448,29.59415,-98.628716,1420092125000
480976687,32.569842,-84.918791,1420092125000
2169501727,30.041176,-89.913243,1420092125000
485282026,40.739334,-74.249284,1420092125000
781462530,29.756631,-95.381459,1420092126000
224912483,29.947248,-93.974167,1420092126000
1578824382,33.149741,-97.095864,1420092126000
951710228,31.987409,-102.08267,1420092126000
452333961,42.647364,-89.036832,1420092126000
2183118511,42.229167,-71.422484,1420092127000
721536067,39.104342,-94.656731,1420092127000
338490727,25.619119,-80.360788,1420092127000
1356189715,49.870584,-97.201831,1420092127000
135151768,8.257799,-62.794006,1420092127000
2925458597,42.390191,-86.167436,1420092127000
368340693,18.474363,-66.75575,1420092128000
335008759,30.20287,-91.981892,1420092128000
959286608,29.857106,-97.957134,1420092128000
85945881,43.136888,-87.978067,1420092128000
250940922,38.827584,-76.880875,1420092129000
822506076,39.304747,-76.664478,1420092129000
2526719633,40.163314,-82.979865,1420092129000
2398979852,41.732772,-88.265066,1420092129000
826422565,35.973572,-96.188399,1420092129000
468043954,29.668727,-95.118611,1420092129000
333730145,26.661475,-80.217029,1420092129000
2774024085,39.282467,-76.427484,1420092130000
256709135,41.127082,-73.990035,1420092130000
2559565936,25.869201,-80.308384,1420092130000
177338524,36.455541,-89.923965,1420092130000
1070124290,29.03641,-98.567486,1420092130000
604950134,30.314417,-81.455561,1420092131000
2265674103,38.927905,-77.398009,1420092131000
399010753,41.583606,-87.819662,1420092131000
605995449,40.92608,-74.153348,1420092131000
230525667,42.253417,-83.264416,1420092131000
260578748,41.837979,-87.667672,1420092131000
1128859746,33.956203,-118.442676,1420092131000
1895815321,41.556952,-93.675638,1420092131000
405088562,39.976853,-75.160186,1420092131000
738975620,32.649447,-97.067112,1420092132000
998509202,41.807891,-87.857435,1420092132000
2205596003,36.799073,-76.344344,1420092132000
1656654996,36.03214,-95.842537,1420092133000
1351154508,9.987607,-83.031869,1420092133000
2845922149,39.002995,-94.663604,1420092133000
2181424004,44.871756,-93.32492,1420092133000
329672637,29.629816,-95.428622,1420092133000
180855515,41.945587,-91.656621,1420092133000
350179587,32.971813,-96.855017,1420092133000
447746522,42.154456,-89.210102,1420092133000
2474791380,11.620576,-70.211447,1420092134000
805215090,39.963498,-75.135264,1420092134000
333810347,34.704387,-82.308249,1420092134000
188998461,40.830779,-96.682114,1420092134000
608837835,39.542151,-87.374438,1420092134000
762810469,33.02639,-97.097136,1420092134000
500145426,40.74338,-73.972631,1420092135000
226051129,20.361733,-96.905808,1420092135000
520570848,31.939053,-102.070943,1420092135000
67356660,42.210085,-72.603945,1420092135000
230906025,38.714777,-76.980745,1420092135000
372501321,36.208798,-86.539288,1420092135000
2276731400,48.053252,-122.176841,1420092136000
596835152,30.232795,-97.713093,1420092136000
972660884,40.730514,-73.734131,1420092136000
281760292,44.673617,-88.31387,1420092136000
617609999,32.68136,-97.33289,1420092136000
350632622,38.714093,-76.993549,1420092136000
1225639855,30.225512,-90.912219,1420092136000
2337104166,37.729947,-122.390055,1420092136000
2222025122,29.425174,-98.653651,1420092136000
376866458,30.205201,-93.236833,1420092137000
423147138,29.652483,-95.747026,1420092137000
635920363,34.072533,-87.183625,1420092137000
626200298,33.025231,-97.111844,1420092137000
2288926190,39.017757,-94.204273,1420092137000
479996276,32.883559,-97.162881,1420092137000
388009236,28.482715,-80.770378,1420092137000
192186594,42.439244,-83.180076,1420092138000
310977141,38.876144,-76.93635,1420092138000
211402106,30.30744,-97.719773,1420092138000
2272162499,29.908254,-95.730725,1420092138000
336337552,42.298618,-85.5987,1420092138000
329806819,33.189336,-111.608126,1420092138000
1296905089,39.826214,-75.615522,1420092138000
427737425,29.989921,-90.108467,1420092139000
1388388602,32.530014,-96.818441,1420092139000
1053499680,33.50303,-87.964365,1420092139000
357041705,43.039673,-76.303028,1420092139000
38517920,30.288288,-81.378551,1420092139000
16337551,49.351546,-123.412959,1420092139000
2654624781,32.284665,-90.279772,1420092140000
335349037,26.73324,-80.117593,1420092140000
966952165,43.085472,-87.932407,1420092140000
49843891,43.117084,-88.445747,1420092140000
493258084,32.92326,-97.181018,1420092140000
459946272,44.39944,-103.519872,1420092141000
1218524382,29.577137,-95.350641,1420092141000
2159237432,30.23142,-95.724942,1420092141000
27267437,35.924112,-86.801385,1420092141000
1094318460,35.307558,-106.715864,1420092141000
565939790,42.967735,-88.106081,1420092141000
373715574,35.699977,-88.866244,1420092142000
78163448,29.59415,-98.628716,1420092142000
217259458,34.735785,-92.423026,1420092142000
2694980827,33.673047,-78.989744,1420092142000
527721838,33.910788,-118.182042,1420092142000
2266670743,12.132043,-86.245344,1420092142000
830660006,21.390591,-157.951642,1420092142000
319204674,35.177102,-101.917968,1420092143000
2183320614,45.00678,-93.263387,1420092143000
771629,20.534537,-86.938389,1420092143000
2666749338,43.212283,-78.664303,1420092144000
266906845,41.968851,-88.368171,1420092144000
2538241350,40.569152,-122.437884,1420092144000
447372715,29.971518,-95.442817,1420092144000
222225152,42.994866,-87.987289,1420092144000
861508538,39.823701,-97.057925,1420092145000
221399475,30.18509,-95.549041,1420092145000
236213178,32.310308,-90.214614,1420092145000
155211410,28.355613,-81.535187,1420092145000
938442805,37.695922,-97.135426,1420092145000
479238111,32.908698,-96.75906,1420092145000
269973644,32.158091,-110.920418,1420092145000
233808071,29.768051,-95.203953,1420092145000
1676973512,29.631749,-95.635706,1420092145000
38921715,40.033736,-74.890913,1420092146000
3631301,41.9831,-91.6685,1420092146000
301654135,46.14825,-88.655889,1420092146000
238428196,41.547151,-88.093095,1420092146000
19757070,42.350657,-71.066183,1420092146000
19057138,40.779916,-73.950029,1420092146000
470738910,46.752248,-92.157767,1420092147000
160742963,30.026382,-89.979024,1420092147000
2319272903,41.466361,-74.166234,1420092147000
2201286501,39.96926,-76.726353,1420092147000
747420252,29.461058,-98.830853,1420092147000
433631950,29.555531,-90.35708,1420092147000
367506770,43.133255,-70.923501,1420092147000
341126322,42.240306,-88.847525,1420092148000
539527412,35.296684,-81.011347,1420092148000
2240069936,39.70235,-84.08859,1420092149000
2440592862,19.221497,-99.099313,1420092149000
867211406,26.616474,-82.001937,1420092149000
2298246822,18.881046,-98.745021,1420092149000
501459199,42.871762,-78.696995,1420092150000
1551957092,36.207508,-115.242774,1420092150000
528613295,38.99826,-74.800057,1420092150000
475444810,38.633198,-90.199881,1420092150000
495512691,39.061541,-76.707918,1420092150000
753559416,41.579935,-93.769375,1420092150000
2336137944,41.969892,-91.720785,1420092150000
2426408371,32.963022,-97.234305,1420092150000
2635629526,41.729452,-72.619996,1420092150000
131375446,29.970121,-95.459232,1420092151000
628616522,41.173952,-73.847743,1420092151000
852979508,35.690781,-79.889306,1420092151000
2849590838,30.686589,-91.027832,1420092151000
27316321,39.792099,-77.051444,1420092151000
1397955115,41.960099,-87.951514,1420092151000
38697336,47.264561,-122.489045,1420092151000
353374636,38.935632,-95.263014,1420092151000
1930719702,34.663769,-86.718312,1420092151000
115521266,20.52418,-104.790204,1420092151000
44466877,45.560137,-94.163826,1420092151000
565133210,39.981746,-82.537585,1420092151000
35974692,30.422867,-87.231766,1420092151000
1652035526,38.676213,-77.860386,1420092152000
52167547,35.760733,-78.553626,1420092152000
2314519320,42.093069,-72.51418,1420092152000
141469742,41.645484,-91.560234,1420092152000
490758118,34.041621,-118.448699,1420092152000
496217887,42.062596,-88.310027,1420092152000
2753847124,43.900007,-69.853241,1420092152000
922322754,36.738996,-76.23481,1420092152000
257246987,26.025369,-80.183969,1420092152000
18215650,43.048201,-88.00242,1420092153000
183516531,49.951049,-97.196325,1420092153000
164794490,37.78655,-97.111742,1420092153000
104102741,30.624321,-110.976005,1420092153000
168858519,19.616538,-99.137123,1420092153000
1666976582,38.757805,-77.698144,1420092153000
304478134,44.134527,-92.524893,1420092154000
29646434,37.555944,-77.469485,1420092154000
2538241350,40.569156,-122.437884,1420092154000
2757494115,15.432088,-88.014353,1420092154000
78138685,41.8962,-87.663458,1420092154000
165279030,29.974636,-95.18137,1420092155000
39082808,37.177171,-93.31066,1420092155000
410284320,49.177188,-123.945439,1420092155000
596877592,27.485877,-109.924803,1420092155000
520083743,30.503434,-90.572275,1420092155000
476214578,39.236999,-94.450563,1420092156000
261965040,36.075088,-79.9584,1420092156000
15096859,33.327359,-86.828173,1420092156000
41911795,45.573351,-94.165336,1420092156000
398399164,41.392343,-85.545416,1420092156000
387736957,42.142247,-83.274328,1420092157000
18020967,33.233097,-97.117697,1420092157000
1375931478,37.264769,-76.755819,1420092157000
1560361291,29.824788,-95.413798,1420092157000
34645125,27.815059,-82.750951,1420092158000
785265600,40.855685,-73.869048,1420092158000
251870722,29.542272,-95.513995,1420092158000
154143442,42.432289,-83.179575,1420092158000
287772646,35.063787,-82.15553,1420092158000
728935292,28.07038,-97.107287,1420092158000
1247993695,33.436011,-111.861287,1420092158000
1120699140,34.153884,-117.910799,1420092158000
491832857,34.768442,-97.214844,1420092158000
26423063,32.761052,-97.174255,1420092158000
370172862,33.522238,-86.704175,1420092158000
2253663901,36.335973,-95.809639,1420092158000
259045312,40.162581,-84.962647,1420092158000
2591663852,24.865624,-99.565363,1420092159000
603228880,29.307129,-96.097801,1420092159000
158404297,38.919341,-76.730441,1420092159000
573737698,30.081471,-90.478639,1420092159000
338590208,41.193687,-96.179591,1420092159000
158404297,38.919341,-76.730441,1420092159000
255628670,40.827878,-73.387388,1420092159000
918218504,39.54148,-95.282404,1420092159000
2250936043,21.889187,-102.288998,1420092159000
399511394,43.246512,-77.652133,1420092160000
44778638,47.896687,-122.221061,1420092160000
30291641,41.921726,-86.313121,1420092160000
2851245953,32.698882,-97.07783,1420092160000
2331295861,33.044077,-97.04149,1420092160000
278871945,33.012627,-96.645424,1420092160000
449955044,41.811891,-87.749599,1420092161000
340022519,42.281627,-94.28245,1420092161000
907154460,42.313035,-83.028263,1420092161000
506781445,38.909266,-76.517754,1420092161000
2211187476,44.293096,-88.321293,1420092161000
253875513,29.982078,-90.051254,1420092161000
145863131,32.902795,-97.122208,1420092161000
84718148,64.87844,-147.432326,1420092161000
283332405,32.861861,-90.680678,1420092161000
2499162954,32.715341,-97.084149,1420092161000
435512532,30.407205,-97.009155,1420092162000
2193021127,10.922305,-74.786525,1420092162000
32291669,45.507263,-122.917436,1420092162000
387248369,42.514023,-70.98553,1420092162000
16052256,32.344719,-90.343975,1420092162000
201449707,37.366317,-121.86042,1420092163000
218299979,39.040108,-94.594917,1420092163000
490951925,33.810324,-78.721581,1420092163000
2646540451,39.960898,-76.683048,1420092163000
62422615,30.048739,-95.592663,1420092163000
393464866,40.767367,-73.970736,1420092163000
1358533843,18.385819,-66.184089,1420092163000
2828421249,32.594849,-97.140741,1420092163000
258208565,39.99927,-75.219553,1420092163000
245525190,41.749307,-87.601794,1420092164000
706059534,43.179544,-88.025166,1420092164000
20636649,33.006367,-97.173587,1420092164000
963125694,37.144587,-90.696118,1420092164000
755027150,42.301757,-85.584382,1420092164000
73203551,30.015315,-90.217047,1420092164000
344886025,41.498993,-81.70049,1420092165000
1034287722,34.03758,-118.369035,1420092165000
1929144252,35.606238,-87.100528,1420092165000
1884058718,32.954147,-97.284915,1420092165000
408801059,30.917383,-88.279648,1420092165000
1669103311,42.498132,-88.117815,1420092165000
2636647003,33.940621,-118.256189,1420092165000
231663240,41.697326,-73.925084,1420092166000
28038402,41.701779,-88.0617,1420092166000
183878619,32.812757,-96.80202,1420092166000
294733067,25.66358,-100.235218,1420092166000
598238066,30.370553,-90.095649,1420092166000
1883016824,30.505953,-91.113158,1420092167000
2567660739,30.216093,-94.014534,1420092167000
394328179,42.4349,-83.207211,1420092167000
601067911,29.947942,-97.8816,1420092167000
2941751848,42.397165,-87.826223,1420092168000
907402838,42.100602,-80.026827,1420092168000
1373840498,33.874164,-118.176252,1420092168000
540337594,39.866068,-75.542366,1420092168000
807197808,40.011663,-82.299256,1420092168000
1523715048,34.644253,-86.024808,1420092168000
2337853417,30.385033,-91.105799,1420092168000
22225387,31.132238,-97.764282,1420092168000
134970402,25.735876,-100.406877,1420092168000
91272894,14.086954,-87.157529,1420092169000
343493868,29.646244,-95.651903,1420092169000
18198411,39.226653,-94.916599,1420092169000
783456420,26.223108,-98.256571,1420092169000
558429903,38.726378,-90.662314,1420092169000
451100002,38.963606,-76.564822,1420092169000
810132944,28.041138,-82.620212,1420092169000
24415701,29.753976,-95.373417,1420092169000
177418081,33.369451,-105.655776,1420092169000
88584065,30.181801,-92.123238,1420092169000
762446412,32.966846,-96.672067,1420092169000
376495058,45.228018,-93.340557,1420092169000
2247730158,27.729141,-97.351632,1420092169000
1363635319,47.260665,-122.642553,1420092170000
226004652,40.693399,-73.9967,1420092170000
2318129772,34.154194,-85.935071,1420092170000
512820223,32.391892,-88.773106,1420092170000
378901303,30.101054,-95.545928,1420092170000
408060877,38.809543,-97.621356,1420092170000
1030942958,31.292271,-97.255703,1420092170000
14253454,41.904391,-87.629961,1420092170000
295725849,29.957257,-90.108193,1420092170000
2561770971,36.713905,-121.648092,1420092170000
371805512,7.062224,-73.837802,1420092170000
284173178,33.860189,-98.503345,1420092171000
2507101419,34.766832,-86.599469,1420092171000
2367467473,31.105426,-97.777956,1420092171000
1099150909,16.783251,-93.110207,1420092171000
2937421226,39.791446,-104.744291,1420092171000
493604649,40.657357,-82.308908,1420092171000
24024964,33.483941,-86.773681,1420092171000
2560346268,10.204806,-83.778039,1420092171000
703311024,11.983282,-86.080823,1420092171000
2237943679,42.772804,-85.118315,1420092172000
246635802,32.806559,-96.806851,1420092172000
622552351,40.738557,-73.894661,1420092172000
1535415284,40.889428,-73.03959,1420092172000
798900510,41.701206,-70.428075,1420092173000
323587319,40.711013,-74.262249,1420092173000
923526547,26.277331,-98.109618,1420092173000
2513825198,39.878937,-83.772495,1420092173000
372561595,43.153417,-76.364881,1420092173000
707551872,34.610539,-86.743078,1420092173000
2377562388,36.777534,-90.413031,1420092173000
904796569,38.745302,-77.257209,1420092173000
270160277,35.754654,-95.415293,1420092173000
1069661269,40.870201,-85.487479,1420092173000
398459599,35.186141,-101.900919,1420092173000
6183572,40.932224,-73.053019,1420092173000
123077318,40.483948,-79.815416,1420092173000
329877358,33.53647,-84.265111,1420092173000
887742854,44.656251,-72.887445,1420092173000
302352047,41.555201,-74.04238,1420092173000
741618008,8.596934,-80.08896,1420092174000
467686487,39.60736,-105.94305,1420092174000
338463689,37.48973,-77.5064,1420092174000
1714665955,19.771384,-101.741761,1420092174000
2817039068,39.773744,-84.423968,1420092175000
2384393293,40.661901,-111.497311,1420092175000
1539283080,28.653692,-106.074391,1420092175000
317450668,35.887554,-94.771179,1420092176000
32032000,51.185609,-115.55392,1420092176000
1367337986,38.776,-90.268744,1420092176000
470684309,34.871528,-91.409712,1420092176000
1002244710,26.152938,-97.992383,1420092176000
155839988,34.714369,-120.474038,1420092176000
577779562,34.678807,-82.826993,1420092176000
40574839,33.550771,-117.178124,1420092176000
22873016,40.760926,-111.896218,1420092176000
127981038,19.359002,-99.287379,1420092176000
818453784,32.770594,-117.073976,1420092176000
2222908886,33.925823,-118.387009,1420092176000
101022652,19.398339,-99.05584,1420092176000
54331729,29.632739,-95.2418,1420092176000
408738939,41.894529,-93.586829,1420092176000
1676615292,45.543063,-123.106803,1420092177000
598238066,30.370553,-90.095649,1420092177000
2865947250,32.82509,-98.066098,1420092177000
1244193300,37.668796,-92.655146,1420092177000
336877328,38.168059,-81.194831,1420092177000
21570507,42.350796,-87.895257,1420092178000
457980887,32.692001,-96.455474,1420092178000
331127398,40.152606,-84.254784,1420092178000
79226586,10.440403,-66.833379,1420092178000
1064470968,43.004932,-87.930037,1420092178000
2524267755,40.75966,-73.985833,1420092178000
255257090,42.785184,-86.006552,1420092178000
610971996,29.512052,-95.046344,1420092178000
1727409914,35.391749,-80.644513,1420092179000
709959709,41.234492,-81.763678,1420092179000
890515279,36.220194,-115.088771,1420092179000
214171560,18.459362,-77.949402,1420092179000
2227509871,35.958112,-96.495548,1420092179000
2909571595,35.208317,-97.477419,1420092180000
352895128,49.922496,-97.075842,1420092180000
1187987114,36.690146,-121.658565,1420092180000
351889813,19.281868,-103.741353,1420092180000
106244041,30.174658,-95.579299,1420092180000
2524124880,33.79044,-118.335879,1420092180000
2633280929,37.288884,-79.97382,1420092180000
44158943,35.220381,-89.86069,1420092180000
210710441,38.29595,-76.481005,1420092180000
119509961,33.7489,-84.3881,1420092181000
24395251,32.638226,-97.11239,1420092181000
203138380,34.051181,-118.32199,1420092181000
954687798,33.435282,-111.692256,1420092181000
84718148,64.878646,-147.432303,1420092181000
2511817805,39.926861,-75.183646,1420092181000
2199845778,30.117943,-94.123662,1420092181000
2830744980,33.756282,-118.03343,1420092181000
2733078232,25.82331,-80.264031,1420092182000
515274183,41.793207,-87.714129,1420092182000
610585237,20.007391,-155.643743,1420092182000
848649756,21.343631,-158.071431,1420092182000
893435466,42.88805,-87.898675,1420092182000
2694980827,33.673047,-78.989744,1420092182000
392452851,39.510478,-74.91604,1420092183000
289766765,40.845212,-72.866263,1420092183000
2182866540,49.930688,-97.174631,1420092183000
403813357,39.95629,-74.681349,1420092183000
211657414,40.119962,-87.615001,1420092183000
19727189,34.024707,-118.489416,1420092183000
69462171,19.310648,-99.114408,1420092183000
1697647268,10.348852,-67.032293,1420092183000
749338627,42.129086,-83.247865,1420092184000
313026994,42.963079,-78.745289,1420092184000
887742854,44.656251,-72.887445,1420092184000
320870983,41.544395,-84.146401,1420092184000
2383270212,31.823652,-102.4357,1420092184000
1535662837,40.735588,-73.74592,1420092184000
579153904,34.051735,-118.348925,1420092184000
631500644,36.123422,-86.439335,1420092185000
180930269,40.711438,-73.515297,1420092185000
897490915,35.327293,-96.9253,1420092185000
2521354444,30.387802,-81.558236,1420092185000
184237744,32.89676,-96.769514,1420092185000
2896905526,40.479267,-89.005956,1420092185000
338804166,28.492492,-99.012383,1420092185000
1229010889,40.586891,-74.506508,1420092185000
175767660,44.704253,-93.15782,1420092185000
1628951629,40.790783,-73.975691,1420092186000
30897466,43.073467,-89.397793,1420092186000
2178773077,32.933079,-96.603794,1420092186000
326842558,23.086467,-109.702844,1420092186000
1025250296,18.859468,-97.108943,1420092186000
2919201722,41.714365,-88.063625,1420092186000
75142924,40.71453,-73.661263,1420092186000
527746387,32.988045,-97.374852,1420092186000
299294514,26.342362,-80.078554,1420092186000
14081391,33.409593,-111.911694,1420092186000
28743010,43.564925,-116.586668,1420092186000
237059651,45.209772,-93.099633,1420092186000
27326289,49.864895,-97.149764,1420092186000
477405956,41.758298,-71.453089,1420092187000
115567590,27.403583,-82.533066,1420092187000
361504916,9.314416,-75.379234,1420092187000
1279283485,37.688768,-77.618151,1420092187000
298696042,32.72201,-96.67693,1420092187000
51015852,38.045764,-84.51365,1420092187000
1220704910,40.904726,-74.396798,1420092187000
78039963,34.442412,-82.374697,1420092187000
90230034,19.452668,-99.207853,1420092187000
2293429735,32.908044,-96.455606,1420092187000
24968128,34.755693,-92.338259,1420092187000
336375138,29.710153,-95.73398,1420092188000
1457472740,28.974149,-98.491696,1420092188000
946691341,25.7743,-100.312246,1420092188000
2776047604,29.733076,-94.965032,1420092188000
589960285,43.015954,-77.396275,1420092188000
18482421,21.342018,-158.123951,1420092189000
85196338,43.722626,-79.270131,1420092189000
472459010,13.507307,-88.873437,1420092189000
527681623,40.624545,-81.49718,1420092189000
2178317562,32.232195,-90.278732,1420092189000
781850251,34.013311,-118.27275,1420092189000
52803490,16.765752,-93.089834,1420092190000
1327467404,6.183021,-75.610317,1420092190000
919551426,40.6614,-73.93204,1420092190000
1724132196,38.70746,-121.253673,1420092190000
541388540,39.003226,-76.905926,1420092190000
93077555,29.980232,-95.638014,1420092190000
2612502825,38.18134,-79.081619,1420092190000
1659337086,33.970017,-117.690433,1420092190000
340054311,41.373646,-81.672754,1420092190000
451182991,36.058019,-95.879181,1420092191000
2464156600,38.978452,-90.778898,1420092191000
268805737,35.930804,-86.832049,1420092191000
222333800,30.079005,-90.470933,1420092191000
316489803,40.043146,-86.89198,1420092191000
388447459,40.88158,-73.98578,1420092191000
1117933836,33.787815,-118.173029,1420092191000
1906214654,32.656446,-97.190789,1420092191000
2540219822,29.549489,-98.301441,1420092192000
343823759,40.616125,-74.132112,1420092192000
498817356,29.983872,-90.369432,1420092192000
483561013,34.74035,-86.529104,1420092192000
1202679204,32.932294,-96.401206,1420092193000
2884321083,42.503505,-83.069495,1420092193000
1663359252,41.871272,-91.834199,1420092193000
360816284,41.171572,-73.201004,1420092193000
2551153177,29.614942,-98.486101,1420092194000
232697253,29.732676,-95.480099,1420092194000
333784468,39.167952,-78.094446,1420092194000
2762423902,39.474292,-106.045863,1420092195000
91272894,14.086954,-87.157529,1420092196000
1249960938,39.980575,-83.881505,1420092196000
2386169708,32.609967,-97.380799,1420092196000
516073986,42.454382,-83.325496,1420092196000
1637218842,22.784536,-103.55431,1420092196000
391564619,26.701074,-80.287949,1420092197000
781615140,41.754459,-87.666373,1420092197000
982823180,31.451447,-100.431933,1420092197000
52456416,28.077279,-82.429382,1420092197000
466151784,40.095561,-75.384569,1420092197000
142111469,27.996762,-81.996184,1420092197000
320273449,35.70575,-83.554697,1420092198000
15237202,41.993799,-87.672297,1420092198000
547102315,44.006353,-77.881629,1420092198000
342252925,29.584716,-95.128423,1420092199000
376541649,42.507832,-82.942215,1420092199000
609448727,40.26963,-74.523031,1420092199000
559093412,33.013813,-97.062937,1420092200000
425455942,19.311813,-99.615084,1420092200000
1094833885,34.04711,-118.256836,1420092200000
103643124,42.424319,-89.324227,1420092200000
81477816,42.415158,-71.015005,1420092200000
385125363,45.354242,-75.735318,1420092200000
1380936350,29.635399,-90.73991,1420092200000
1619036852,37.658993,-77.54771,1420092200000
14535391,20.569231,-100.395496,1420092200000
149636520,30.354481,-90.072269,1420092201000
942831367,41.741002,-83.631188,1420092201000
1226512752,30.066284,-95.516701,1420092201000
330786289,39.421594,-75.224765,1420092201000
1977538452,36.005287,-95.793019,1420092202000
1086598664,28.238748,-82.393532,1420092202000
1036310534,37.72339,-97.264635,1420092202000
2770660284,30.064293,-95.376607,1420092202000
327406592,38.418862,-90.401173,1420092202000
1426347967,39.685063,-86.059669,1420092202000
314882788,19.619518,-99.093937,1420092202000
139851529,33.745105,-117.109124,1420092202000
294278398,15.48571,-87.96862,1420092202000
1868486341,42.980771,-78.794607,1420092202000
1938006848,34.855276,-85.21558,1420092202000
519996292,14.39989,-90.44617,1420092203000
2664650478,30.559282,-88.905369,1420092203000
414274016,30.092504,-96.084913,1420092203000
15634764,35.133327,-90.000781,1420092203000
1312437126,38.87643,-90.103785,1420092203000
2701823071,36.319763,-94.247334,1420092203000
1132528784,31.12132,-97.475556,1420092203000
2821592589,19.375422,-99.140186,1420092203000
216873594,30.701695,-95.554917,1420092203000
465707179,40.716395,-73.471159,1420092204000
1317497898,42.144068,-75.965102,1420092204000
1576519856,33.605994,-117.269262,1420092204000
46482954,33.739313,-118.102928,1420092204000
489921655,40.01105,-74.877822,1420092204000
408183536,40.061917,-74.137803,1420092204000
271690493,32.614056,-97.079612,1420092204000
27678193,32.777091,-96.80102,1420092204000
486165934,31.288756,-92.500776,1420092204000
858690115,42.260467,-83.169821,1420092204000
273634711,44.470457,-70.827709,1420092205000
61034475,41.364502,-80.817634,1420092205000
103763403,28.337261,-81.496112,1420092205000
23756676,41.962506,-87.673403,1420092205000
1638699973,38.641634,-76.916265,1420092205000
125706674,34.229304,-84.100275,1420092206000
908425970,10.47847,-73.277157,1420092206000
1041053456,32.315533,-96.629052,1420092206000
343578866,40.058765,-75.125937,1420092206000
805897093,45.313124,-122.546952,1420092206000
390302810,40.755207,-73.967379,1420092206000
814181490,42.876448,-88.350367,1420092206000
1602556122,29.318985,-99.47316,1420092206000
457919698,36.657436,-93.332138,1420092206000
101263529,41.707711,-88.313886,1420092206000
308714966,25.828291,-80.263144,1420092206000
1054260194,35.665161,-97.483074,1420092207000
2781257737,33.215041,-97.129821,1420092207000
2768989315,33.500331,-112.229303,1420092207000
591949166,37.157767,-93.28741,1420092207000
2542428440,41.341632,-81.172105,1420092207000
299918509,32.60388,-86.489625,1420092207000
2719277782,39.564642,-94.464809,1420092207000
1706132730,29.729733,-95.471972,1420092207000
211039215,14.600564,-90.558105,1420092207000
159238239,34.965437,-120.439187,1420092208000
1284698755,32.963569,-96.599818,1420092208000
807183516,38.819656,-94.925439,1420092208000
496189177,40.833635,-73.919792,1420092208000
513987742,40.780624,-73.915041,1420092208000
240063178,35.001034,-89.849724,1420092208000
271133898,35.859145,-86.494779,1420092208000
2905674504,31.835838,-102.403505,1420092208000
623134082,40.818638,-73.241259,1420092208000
133017245,33.888516,-84.563847,1420092209000
386499436,44.261927,-88.411687,1420092209000
371367970,35.443033,-97.158649,1420092209000
500469096,43.245418,-77.506081,1420092209000
596877592,27.485876,-109.9248,1420092209000
1412757072,38.825071,-76.95958,1420092210000
411262482,34.297001,-119.215941,1420092210000
380613936,42.952172,-74.189263,1420092210000
200646436,36.42196,-89.70597,1420092210000
352131918,40.904896,-73.868933,1420092210000
2864896743,29.534406,-98.559832,1420092210000
2614953961,41.697625,-87.540424,1420092210000
2951623939,34.109739,-118.152177,1420092211000
36672387,38.615936,-90.275032,1420092211000
421095102,29.10498,-80.972522,1420092211000
2191264364,25.733946,-80.336422,1420092211000
996628148,32.744203,-96.573883,1420092211000
400481570,35.596639,-80.802057,1420092212000
2377585609,34.223707,-118.567715,1420092212000
833806580,38.76811,-121.307936,1420092213000
1056418164,37.851421,-84.574935,1420092213000
412769381,33.492567,-82.15619,1420092213000
18147319,40.897288,-72.929184,1420092213000
2745370187,32.81269,-80.012876,1420092213000
2429818622,29.928178,-90.025884,1420092214000
604320026,32.856892,-96.605234,1420092214000
29613234,42.494371,-83.081556,1420092214000
2892540364,28.905633,-81.167451,1420092214000
79769898,29.503046,-95.161448,1420092214000
41739247,33.814825,-84.101827,1420092214000
319357471,32.607942,-96.938682,1420092214000
279321276,33.789532,-84.032266,1420092214000
1232077129,33.45633,-112.147558,1420092214000
529000209,44.912904,-92.884936,1420092214000
15542125,29.938992,-90.082344,1420092214000
27865204,35.200299,-80.852835,1420092215000
64570322,20.95763,-89.578144,1420092215000
525632776,29.321799,-98.559933,1420092215000
2480292475,32.743913,-97.19989,1420092215000
121914110,41.719364,-87.563178,1420092216000
2186601961,38.401735,-82.478903,1420092216000
87072583,40.327576,-79.733815,1420092216000
302328477,34.104233,-93.100479,1420092216000
229007395,30.22821,-97.710806,1420092216000
2907249291,42.918519,-76.55874,1420092216000
236602687,39.897787,-104.945143,1420092216000
92109183,42.340728,-92.323374,1420092217000
368079369,40.17494,-82.958595,1420092217000
1106962273,43.84893,-92.18651,1420092217000
384173807,35.538949,-97.622739,1420092217000
300511482,25.930594,-80.121036,1420092217000
129947825,42.654463,-70.673012,1420092217000
2906568482,32.622695,-97.116358,1420092217000
434362227,28.126396,-80.688362,1420092217000
2252673764,28.783012,-95.592024,1420092217000
1586585389,33.782486,-118.304733,1420092217000
1194158221,43.341057,-77.928354,1420092218000
27372066,35.581394,-97.618578,1420092218000
88599075,42.121812,-88.041901,1420092218000
20494316,34.011707,-77.901021,1420092218000
152350498,34.137683,-118.210521,1420092218000
194328199,42.369748,-82.986228,1420092218000
388019445,39.203085,-106.954903,1420092219000
550536448,33.581491,-117.184433,1420092219000
144121798,44.736221,-93.322234,1420092219000
2199845778,30.11794,-94.12364,1420092219000
491657919,32.483704,-86.125856,1420092219000
853843778,30.336512,-97.691495,1420092219000
38995472,34.018149,-118.488649,1420092219000
405264491,43.144027,-89.296757,1420092220000
2556625293,44.927789,-93.141468,1420092220000
399879551,29.821625,-95.747258,1420092220000
746442781,37.315167,-120.458955,1420092220000
766570250,40.818572,-81.406725,1420092220000
1373385726,30.179892,-81.616572,1420092220000
196438451,40.868627,-73.852151,1420092220000
334350911,36.319664,-115.215462,1420092221000
2309658109,33.978241,-118.391461,1420092221000
324658915,32.670555,-96.841985,1420092221000
262971417,19.315943,-99.11213,1420092221000
963379694,40.785447,-74.140211,1420092221000
961447135,32.886741,-96.598852,1420092221000
2480848974,44.819961,-93.020919,1420092221000
278191120,35.269803,-81.547274,1420092222000
2251407908,33.229568,-96.898054,1420092222000
2800096432,38.965562,-77.329353,1420092222000
2726694028,43.203418,-77.451852,1420092222000
338029085,42.741294,-73.864985,1420092223000
403689750,29.390071,-98.63126,1420092223000
392361170,43.134528,-76.112943,1420092223000
355115343,38.750575,-93.736431,1420092223000
2580405181,33.051994,-97.108407,1420092223000
2159190562,40.288006,-74.045985,1420092223000
2261358152,34.068969,-118.287289,1420092224000
634770230,38.795409,-94.47453,1420092224000
76021364,35.84342,-84.166791,1420092224000
341584145,40.299486,-74.348515,1420092224000
628862097,32.654531,-97.19715,1420092224000
781269080,34.289996,-118.453798,1420092224000
328286458,42.662733,-73.786505,1420092224000
608705068,32.607664,-83.636141,1420092225000
168079737,41.952981,-91.73352,1420092225000
91043915,19.499058,-99.092606,1420092225000
1539458988,38.430078,-90.365453,1420092225000
104371621,36.186195,-115.173295,1420092225000
183652123,10.388919,-73.168713,1420092225000
704665196,40.922954,-73.89754,1420092225000
350418058,29.369265,-98.373977,1420092225000
121628013,40.010197,-85.943586,1420092226000
880514334,40.359381,-74.130549,1420092226000
447709595,40.515554,-80.003056,1420092226000
38609837,38.69397,-90.426743,1420092226000
508046375,42.066954,-75.965546,1420092226000
2455573327,32.187386,-98.197865,1420092226000
716848263,33.892463,-83.527273,1420092226000
78955254,36.573176,-96.709722,1420092226000
31927467,25.812789,-80.122445,1420092227000
362005016,41.694767,-88.086556,1420092227000
248405797,42.758393,-73.790022,1420092227000
262848364,42.337101,-88.049351,1420092227000
254764016,40.901066,-76.789301,1420092227000
635968195,42.255881,-88.893601,1420092227000
1279124803,40.777625,-73.789061,1420092227000
352891458,41.621391,-87.772309,1420092228000
2268149389,19.567056,-98.912125,1420092228000
2282827800,32.632834,-116.97779,1420092228000
26087231,43.972753,-78.615474,1420092228000
354635776,33.826497,-118.331202,1420092228000
34503713,30.343452,-91.132372,1420092228000
2433615948,35.496709,-97.72328,1420092228000
461394088,40.765514,-73.976158,1420092228000
92209429,14.63636,-90.61164,1420092229000
239534288,33.474397,-84.094146,1420092229000
2318734373,36.088182,-87.009294,1420092229000
419982720,30.652385,-88.089992,1420092229000
2337104166,37.729947,-122.390055,1420092229000
71613020,40.76018,-73.821331,1420092230000
46397754,33.234598,-96.967216,1420092230000
411684111,32.595459,-96.917883,1420092230000
591105029,34.015828,-90.061046,1420092230000
881464046,38.919255,-77.031059,1420092230000
567676536,40.113934,-74.781148,1420092230000
1176617438,32.936247,-96.890455,1420092230000
1832083710,32.624817,-116.950882,1420092230000
2275152726,49.932297,-97.158421,1420092230000
2841595079,32.203896,-110.792442,1420092230000
589960285,43.015872,-77.396523,1420092230000
499430340,37.286686,-79.963611,1420092230000
54279956,32.806927,-96.789411,1420092231000
383952702,28.666334,-81.24276,1420092231000
162174101,41.205444,-95.938753,1420092231000
2538241350,40.569151,-122.437884,1420092231000
198683701,41.439845,-81.81753,1420092231000
602103061,44.047517,-69.395079,1420092231000
951826268,42.420011,-83.246385,1420092231000
378905660,26.11082,-80.418244,1420092232000
386148070,49.897523,-97.136439,1420092232000
2847285041,44.853808,-93.348987,1420092232000
81763496,43.28911,-81.473596,1420092232000
1228968786,45.008295,-92.999708,1420092232000
1479441894,29.677757,-95.435023,1420092232000
2950878517,33.783856,-95.417702,1420092232000
179519500,35.795635,-78.787132,1420092232000
130724140,45.492356,-122.593119,1420092232000
371802939,44.980011,-93.272622,1420092233000
963121824,29.481998,-98.684968,1420092233000
2557340288,21.13922,-86.847429,1420092233000
292157186,33.67624,-84.261323,1420092233000
2347870346,35.374923,-97.451099,1420092233000
542252178,44.711837,-93.234878,1420092233000
23456932,41.346726,-81.794524,1420092233000
428774000,41.009813,-93.312367,1420092233000
83063338,41.57932,-87.91305,1420092234000
308045641,39.025838,-119.949012,1420092234000
394990324,30.372635,-90.9842,1420092234000
224776756,34.159637,-90.547451,1420092234000
796890224,40.062569,-76.717355,1420092234000
1258440943,33.59096,-117.845811,1420092234000
741119552,26.937218,-80.106715,1420092234000
2803813799,39.877565,-75.311913,1420092234000
167899103,33.919912,-118.18648,1420092234000
606990504,29.783514,-97.966758,1420092234000
1363635319,47.258166,-122.632067,1420092234000
294799358,38.717741,-76.944171,1420092235000
104662218,42.941635,-78.770663,1420092235000
2863649552,30.126042,-97.801422,1420092235000
2902143284,32.717285,-96.617548,1420092235000
210710441,38.295926,-76.480976,1420092235000
633559847,29.815903,-95.185705,1420092235000
2768616482,44.049661,-123.082351,1420092235000
274751207,38.192963,-84.808442,1420092235000
150320702,32.864524,-96.774265,1420092235000
2426308993,29.886207,-90.109968,1420092235000
548802427,39.961726,-104.936665,1420092236000
341931712,29.986664,-95.17359,1420092236000
318677438,32.710084,-97.354362,1420092236000
391065728,41.593584,-87.663957,1420092236000
58423877,33.028314,-117.114063,1420092236000
559724416,32.812923,-96.693558,1420092237000
2231461207,39.933427,-75.230619,1420092237000
892218212,35.192255,-89.768514,1420092237000
1317777337,32.82427,-96.614087,1420092237000
2595480780,44.121397,-87.628289,1420092237000
2945654658,35.442062,-97.297302,1420092237000
739849855,49.80849,-97.101776,1420092237000
2835663050,29.787083,-95.57653,1420092237000
909329762,32.856638,-96.589172,1420092237000
177064728,35.578911,-97.629408,1420092237000
420759460,42.491541,-83.151899,1420092238000
437058972,41.560547,-93.583012,1420092238000
587706788,35.11278,-80.771229,1420092238000
1000718299,36.385486,-97.911117,1420092238000
1716090804,32.82828,-97.704061,1420092238000
35433160,41.486624,-81.766388,1420092238000
2149543738,39.37859,-74.433355,1420092239000
2906568482,32.622582,-97.116334,1420092239000
846787872,42.315717,-88.447085,1420092239000
2240069936,39.702351,-84.088591,1420092240000
120842606,35.440815,-97.573005,1420092240000
2431220555,33.065358,-96.72028,1420092240000
1521672444,36.590733,-119.612295,1420092240000
423758736,30.699941,-95.554174,1420092240000
2193248222,38.893086,-94.866823,1420092241000
2937504335,27.553003,-82.497136,1420092241000
32813213,33.828233,-118.277613,1420092241000
2715199411,33.40856,-94.170422,1420092241000
2298288042,32.767119,-117.237979,1420092241000
1378389932,35.911064,-75.680406,1420092241000
2243353244,36.560235,-86.246988,1420092241000
358402633,42.15838,-71.530946,1420092241000
1074865998,40.77973,-84.052629,1420092241000
402399663,19.289557,-99.145472,1420092241000
385377936,42.765334,-83.487429,1420092241000
1656933236,38.759794,-90.772483,1420092242000
2203883367,34.03894,-84.65959,1420092242000
2823316812,26.168495,-97.822912,1420092242000
147377197,32.790243,-79.907988,1420092243000
270090077,37.427238,-81.337989,1420092243000
310227148,29.468864,-95.100445,1420092243000
1631173752,41.694071,-87.710973,1420092243000
372613067,28.938349,-99.843755,1420092243000
340494994,32.074721,-102.081214,1420092243000
100324926,41.607158,-87.528844,1420092243000
482502909,33.177158,-96.833518,1420092244000
214949667,28.246242,-81.469659,1420092244000
1170268574,43.617404,-89.790899,1420092244000
165977016,39.354627,-76.762878,1420092244000
910873645,35.192777,-89.773245,1420092244000
188444556,34.094691,-117.898642,1420092245000
2723373413,30.196593,-81.719481,1420092245000
285817355,25.985132,-98.100714,1420092245000
2568588163,32.888959,-97.291375,1420092245000
2774186249,24.870729,-99.575898,1420092245000
14225918,30.623881,-87.323316,1420092245000
2315780323,42.336574,-83.283569,1420092245000
2443850250,41.459701,-81.551467,1420092245000
239669200,34.059593,-118.400374,1420092245000
