12,52,1066,28
15,40,1741,24
17,1,1741,1
18,171,2516,124
20,2,1299,1
21,11,1741,10
22,2,1747,1
31,9,1741,9
47,789,949,677
55,17,1741,13
58,28,2707,11
61,4,932,4
67,38,1629,20
76,2772,2707,2490
87,46,1412,31
92,13,1741,11
107,8,1686,2
126,12,861,11
150,1,1741,1
187,61,1741,58
190,2,1741,2
203,14,1741,9
221,1,1741,1
222,46,1741,34
259,159,861,78
260,42,861,26
288,5,1741,5
291,6,2489,2
293,311,1741,284
294,104,1747,99
295,15,195,6
322,142,1299,111
324,218,244,80
338,7,1741,6
346,102,861,56
350,24,861,14
357,5,949,3
364,66,585,48
388,14,1741,4
407,6,1747,6
408,11,1747,11
414,25,1741,16
418,524,195,264
422,65,1741,25
423,14,1741,4
450,3,1741,2
455,1,1741,1
501,9,1325,9
510,47,618,12
521,4,336,1
528,2,949,1
541,241,236,211
544,19,1741,16
572,31,1325,28
573,25,949,16
586,4,33,4
590,23,33,5
598,1,872,1
607,327,1741,154
613,7,810,4
614,6,305,5
615,6,861,6
637,2,1741,2
648,7,195,6
683,9,2550,8
718,265,398,146
719,13,33,3
722,8,585,3
737,1,2060,1
744,6,195,4
747,65,1298,61
749,66,1747,45
750,19,1741,8
755,31,1741,21
761,87,1741,71
767,22,33,8
785,5,1299,4
821,276,949,134
844,1,2799,1
850,7,647,4
855,16,1035,12
859,12,949,9
861,125,1325,30
874,276,1741,122
875,16,374,4
882,5,1741,3
885,1,1741,1
888,32,1741,12
903,61,872,57
916,30,2924,28
917,30,471,20
922,240,1741,187
925,1,2711,1
926,5,33,3
929,4872,471,3788
939,89,1741,60
940,110,2078,90
949,156,1299,74
951,3,2895,3
953,6,398,4
963,1,33,1
977,475,949,248
978,22,1741,15
984,2,1747,2
988,6,862,6
989,132,1741,78
997,413,1741,383
999,15,1741,14
1027,1117,1570,1011
1031,6,195,2
1037,1,1299,1
1047,104,36,36
1068,16,949,5
1081,98,1741,35
1083,1,2805,1
1084,11,195,9
1085,1,1741,1
1086,1,1090,1
1101,8,33,8
1102,306,1741,219
1108,43,949,34
1131,5,1240,5
1135,579,188,408
1143,42,3150,7
1149,2,1741,2
1153,66,862,18
1154,226,861,120
1173,27,398,21
1180,20,535,17
1186,663,1741,582
1192,73,33,31
1198,4,872,3
1269,17,949,3
1271,27,542,15
1293,54,1021,39
1298,451,551,153
1307,11,2402,3
1317,8,1299,5
1325,1,861,1
1378,1,405,1
1398,10,2152,8
1418,3,297,3
1456,1,336,1
1467,55,35,29
1469,96,64,21
1483,16,1299,16
1488,22,1741,12
1497,2337,535,1783
1501,149,535,112
1507,11,548,8
1512,12,1741,9
1513,1,244,1
1536,3,64,3
1538,2,195,1
1541,220,1741,60
1546,23,2924,8
1547,4,1741,3
1548,8,585,4
1552,59,1084,19
1571,146,1629,105
1585,285,195,97
1593,44,784,38
1605,7,1741,6
1623,3,236,2
1659,2,932,1
1668,24,1741,23
1676,201,33,193
1679,40,2711,25
1688,1,1299,1
1696,279,949,220
1720,425,535,380
1742,9,535,8
1775,44,1747,18
1814,14,1299,4
1821,16,45,13
1866,13,353,6
1887,117,122,66
1888,92,1741,90
1889,4,244,4
1890,9,1227,4
1901,4,1741,2
1917,6,195,6
1929,11,1741,5
1932,25,1506,23
1941,1,33,1
1942,805,2501,588
1945,17,398,15
1946,5,374,3
1951,3,33,2
1952,176,1185,43
1955,1,1741,1
1970,2,1299,2
1972,2,1741,2
1974,14,1741,8
1977,628,45,422
1984,226,1747,196
1987,6,244,2
1988,2,33,2
1991,1,297,1
1999,20,949,17
2008,512,195,464
2011,66,1741,36
2015,259,1747,144
2017,100,233,86
2026,12,33,12
2038,29,1741,16
2053,67,1741,43
2057,195,396,101
2069,57,1299,21
2075,27,585,15
2078,5,1747,4
2084,175,993,173
2092,55,1992,44
2096,10,2775,3
2099,3,2924,3
2104,174,861,47
2115,3,195,2
2126,3,1741,2
2145,18,1212,13
2159,31,1741,29
2167,6,535,6
2185,1449,861,1121
2187,18,1311,7
2235,1,50,1
2241,8,229,6
2255,49,784,20
2311,156,195,123
2339,1,195,1
2366,1,188,1
2372,90,1741,58
2391,1421,1741,1183
2399,4,2799,2
2404,1,1240,1
2405,655,33,501
2417,38,33,21
2420,1,648,1
2432,65,33,52
2434,31,199,11
2439,1,1741,1
2442,15,1299,14
2468,1,1741,1
2478,12,862,8
2480,28,1741,18
2482,5,481,2
2495,6,297,4
2528,3,2077,2
2539,1,601,1
2549,9,870,5
2557,71,585,38
2565,189,861,108
2577,6,949,4
2578,25,2413,9
2606,16,535,8
2627,187,33,125
2631,32,33,15
2654,8,197,2
2662,9,398,8
2664,8,981,2
2665,5,195,4
2666,128,870,62
2667,43,33,39
2674,1,398,1
2676,50,2529,25
2677,3,2798,3
2683,50,1741,38
2691,46,236,17
2692,73,949,64
2695,26,650,14
2720,1,984,1
2724,1,398,1
2734,17,3150,9
2746,1,297,1
2764,14,33,7
2768,11,1212,8
2772,15,241,10
2774,1,398,1
2776,46,33,22
2784,7,1741,5
2796,18,1741,18
2802,196,2980,95
2804,110,861,61
2806,105,2152,35
2810,7,1741,6
2817,22,2152,18
2819,10,195,3
2821,12,1747,4
2873,18,971,8
2874,669,1325,274
2886,10,949,7
2900,216,1529,185
2922,23,623,9
2942,2,2817,2
2949,4,949,3
2953,2,2853,1
2967,63,195,31
2984,4,195,2
2986,24,195,13
2995,2,1747,1
3004,8,1741,5
3021,40,195,38
3024,5,699,5
3026,23,2489,23
3079,100,1747,66
3140,57,535,42
3146,18,1741,16
3157,73,236,33
3200,1,195,1
3215,1,2933,1
3219,4,195,1
3231,7,1270,5
3252,2,1741,2
3269,8,535,8
3271,42,1741,39
3273,174,195,127
3283,17,33,17
3294,19,1747,4
3300,774,861,495
3302,3,1741,2
3311,12,398,5
3334,7,861,6
3343,7,212,6
3364,58,1920,30
3365,784,45,589
3373,73,33,46
3374,10,2895,9
3382,33,1741,12
3426,375,2775,220
3469,7,199,2
3471,22,398,10
3475,4,1741,2
3517,1,1248,1
3519,350,1371,292
3520,134,1298,62
3533,2,1741,2
3593,37,64,12
3594,108,1741,30
3615,256,1741,214
3632,1,1412,1
3640,2,2561,1
3652,4,949,4
3682,3,1299,3
3685,3,870,2
3692,40,1261,33
3698,2,2670,2
3713,9,585,9
3750,1,1121,1
3756,6,1385,5
3804,8,195,6
3818,163,195,150
3839,28,984,11
3840,186,1741,67
3844,12,405,10
3859,28,459,13
3861,8,1409,4
3878,24,1741,16
3922,45,1741,35
3936,907,861,685
3946,319,297,251
3968,1,2077,1
3977,3,1299,3
3978,2,236,2
3991,14,1741,14
4002,94,2699,86
4030,456,1741,351
4038,6,396,6
4045,18,195,8
4107,7,33,2
4178,1,48,1
4230,42,2152,28
4232,6,45,3
4233,71,1747,71
4243,3,1752,3
4244,2,1299,1
4267,2,481,1
4358,9,1629,5
4375,6,585,2
4406,47,585,21
4417,253,2489,234
4424,1,494,1
4436,13,297,7
4444,169,2980,141
4455,24,1035,11
4461,141,1299,102
4480,18,217,8
4488,49,195,31
4490,145,535,128
4509,5,870,4
4516,3,195,3
4517,2,2707,2
4518,40,1747,32
4521,5,297,5
4538,127,1747,117
4544,2,3211,1
4558,59,195,51
4575,4,784,1
4578,56,45,22
4598,26,33,6
4602,188,1299,106
4604,93,1122,93
4610,12,397,6
4615,54,1741,33
4618,12,216,8
4629,80,583,68
4636,268,949,185
4642,11,883,6
4650,20,923,20
4671,10,33,10
4678,13,585,7
4696,20,1741,15
4711,1131,861,777
4712,7,33,6
4733,1,1741,1
4734,2,535,2
4785,54,2516,18
4791,101,195,45
4795,1,1380,1
4801,80,2402,37
4805,1,1741,1
4812,35,471,24
4833,33,1038,15
4834,113,1741,28
4841,46,861,35
4858,1,1741,1
4872,1,195,1
4882,70,45,42
4893,6,1741,6
4902,85,2273,79
4904,932,230,457
4913,1,1298,1
4916,57,861,50
4927,2,1741,2
4931,25,297,17
4936,170,870,92
4945,3,1364,3
4988,41,1747,20
4999,35,236,19
5001,2,1288,1
5002,1,398,1
5027,7,33,5
5030,371,1741,167
5039,37,2933,25
5047,66,195,31
5091,12,747,9
5093,64,601,35
5102,3,33,3
5103,52,33,42
5107,288,2260,172
5112,57,1747,41
5117,3,236,2
5131,34,1299,33
5149,464,297,189
5155,13,949,10
5171,39,33,25
5212,280,585,163
5215,54,195,39
5227,1,405,1
5236,40,146,20
5240,6,195,5
5242,3,195,3
5243,1,1038,1
5250,7,2924,4
5253,3,1741,3
5256,29,1741,29
5263,1,2799,1
5267,4,195,2
5277,33,784,25
5279,12,1325,12
5295,420,1741,319
5308,10,195,4
5325,2,1741,2
5331,1,1299,1
5334,23,1741,9
5338,8,912,8
5339,19,471,10
5348,9,861,8
5356,23,2799,11
5357,101,1747,101
5374,13,2942,8
5378,12,535,7
5382,28,870,16
5409,42,601,24
5413,267,1741,238
5457,2,50,1
5460,11,585,8
5464,5,535,4
5489,46,1741,25
5497,4,195,3
5500,2,1747,1
5504,158,949,123
5508,29,33,27
5517,29,862,23
5518,1,396,1
5524,6,764,5
5528,1,2413,1
5532,1,33,1
5537,2,1741,2
5601,5,1544,4
5605,5,1021,5
5608,8,2550,6
5616,10,1782,7
5618,15,1741,12
5622,15,583,11
5628,94,217,72
5649,513,1741,473
5651,45,1747,30
5652,2,861,2
5672,1,1560,1
5681,2,1741,2
5684,84,1741,77
5696,145,398,139
5699,8,1741,7
5711,53,1741,49
5714,3,1741,3
5725,1,649,1
5737,68,50,36
5751,10,1741,3
5758,43,195,24
5806,1,872,1
5814,169,1741,131
5827,198,2613,198
5841,134,1266,84
5879,1,1741,1
5908,577,2079,338
5909,2,862,2
5934,135,35,60
5943,5,1741,5
5949,48,949,24
5973,197,2078,177
5975,24,195,11
5984,77,1747,20
5997,31,236,23
6049,3,1741,3
6080,20,2271,20
6125,13,3150,5
6132,9,1299,7
6134,3,869,2
6136,22,949,11
6140,29,1741,17
6148,1,37,1
6177,8,2566,5
6192,1,195,1
6193,17,396,8
6210,47,305,36
6217,88,937,55
6233,3,535,2
6328,11,1920,3
6359,40,1261,38
6417,18,236,11
6420,32,2152,32
6436,2,1752,2
6442,3,33,2
6504,6,1986,4
6512,18,1299,13
6525,153,1766,120
6547,19,36,7
6579,1,984,1
6587,198,1741,169
6592,15,1741,11
6593,4,1741,3
6607,46,1741,39
6631,126,195,113
6657,17,45,10
6664,82,1741,59
6709,59,1183,36
6735,13,949,11
6760,26,1741,26
6779,58,45,56
6797,17,33,8
6837,23,33,17
6853,42,197,35
6868,14,1741,4
6872,84,2799,64
6882,33,405,21
6906,7,1741,6
6926,5,2826,5
6940,1,1747,1
6941,1,1741,1
6948,1,398,1
6958,3,146,3
6966,21,1615,11
6968,23,195,9
6973,72,396,64
6987,1,1741,1
7001,3,1741,3
7083,2,757,1
7085,2,1092,2
7090,106,861,53
7096,129,1263,83
7122,25,937,10
7166,24,1741,13
7173,1,1741,1
7174,32,45,28
7180,6,1299,3
7185,100,949,94
7209,1,2326,1
7219,2,45,2
7251,25,1299,13
7252,25,195,8
7261,12,2854,4
7265,5,1299,3
7312,4,1741,3
7384,300,861,176
7385,9,64,2
7403,1,297,1
7450,1,1187,1
7454,1,35,1
7459,32,2490,25
7477,1,1741,1
7482,1488,551,967
7489,5,1325,5
7493,137,949,65
7512,28,844,23
7531,8,33,8
7533,59,51,35
7543,40,217,27
7547,1,2707,1
7557,7,1741,7
7558,82,185,77
7559,2,1741,2
7567,9,50,5
7578,267,459,134
7581,32,195,12
7592,1,2361,1
7610,28,784,6
7627,1,1747,1
7654,14,923,10
7664,5,33,4
7666,61,195,32
7670,141,1549,111
7681,8,1131,3
7698,286,398,166
7730,1,396,1
7738,663,1741,523
7744,49,236,43
7755,28,753,9
7800,26,64,11
7801,3,1741,2
7819,99,374,60
7833,2,1032,1
8116,11,2766,6
8180,24,585,14
8243,5,1741,4
8252,1,1747,1
8264,9,1741,5
8273,172,471,91
8281,1,374,1
8286,27,984,18
8291,52,1741,34
8362,6,374,6
8373,6,1741,6
8381,240,1747,227
8412,2053,1261,1736
8491,54,1299,15
8508,400,1544,361
8520,3,535,3
8555,52,1629,30
8557,47,33,38
8559,2,3219,1
8595,8,861,5
8596,77,834,31
8610,63,2924,5
8612,20,1741,7
8620,2,1299,1
8633,1,882,1
8708,17,195,13
8722,7,2799,5
8739,247,870,161
8877,37,1741,30
8881,69,949,46
8882,86,3150,77
8892,31,405,24
8905,187,2145,52
8906,38,2698,13
8907,3,3137,2
8910,1,1299,1
8914,31,3193,19
8922,2,297,1
8943,1,1741,1
8997,52,297,43
9000,33,2550,6
9008,32,297,31
9027,227,297,187
9043,110,2711,61
9060,14,1741,8
9080,226,483,160
9082,16,50,15
9093,1,1686,1
9095,70,949,50
9114,134,146,115
9135,14,1543,7
9261,1,1433,1
9271,18,398,12
9272,444,2711,426
9279,59,1741,42
9309,53,1299,21
9357,125,2711,61
9361,417,949,173
9429,37,585,15
9445,2,146,2
9489,22,938,6
9651,138,1298,109
9822,4,33,3
9832,1406,2776,938
9945,49,64,7
9952,2,1747,1
10006,4,195,3
10023,2,1747,2
10026,3,33,1
10027,68,374,67
10051,471,1741,249
10090,14,601,11
10091,44,33,42
10103,2,1741,2
10139,170,535,91
10149,529,949,369
10177,79,1128,60
10178,18,1325,8
10189,38,195,12
10191,10,33,6
10193,1,1185,1
10203,2,33,2
10210,18,1747,15
10211,1,1325,1
10221,306,1741,188
10222,27,80,18
10229,1,1187,1
10231,76,623,29
10237,617,601,576
10242,117,195,53
10265,4,949,3
10268,113,3211,80
10274,37,649,23
10285,91,50,51
10286,56,2549,42
10304,215,1747,170
10314,22,45,6
10326,567,1128,279
10341,144,535,110
10343,92,195,32
10350,4,1240,3
10355,149,1299,63
10362,2,482,2
10364,3,374,1
10396,374,585,204
10399,15,41,13
10403,3,2321,1
10405,6,1747,1
10416,5,396,2
10422,267,600,265
10423,7,236,5
10424,142,1782,80
10430,14,64,10
10433,165,45,62
10440,12,1038,12
10446,52,1261,46
10449,9,195,4
10461,460,2698,264
10466,41,1261,34
10470,230,535,208
10482,5,218,4
10485,1,218,1
10488,80,364,70
10502,175,45,44
10508,9,870,8
10516,25,45,8
10519,2,236,2
10522,14,601,13
10537,3,2924,2
10541,43,1741,35
10544,2,195,1
10551,4,861,3
10588,6,1741,5
10590,17,2425,8
10593,1,195,1
10595,39,1741,25
10604,44,36,35
10609,337,1741,274
10613,5,33,3
10623,4,1185,3
10625,13,535,4
10629,1,297,1
10630,292,535,196
10637,32,1298,11
10651,3,1747,1
10666,30,601,11
10668,5,33,4
10671,19,45,19
10675,2,912,2
10680,6,551,4
10688,1,2569,1
10695,21,307,12
10701,81,869,16
10703,3,1741,2
10706,80,1747,47
10708,4,3211,4
10709,2,647,1
10715,2,33,2
10725,1,195,1
10727,515,1741,469
10737,90,984,12
10766,208,1747,194
10768,3,1741,3
10811,2,535,1
10812,19,2448,4
10813,3,585,3
10844,5,1741,2
10849,7,2799,6
10856,2,1747,1
10857,1,535,1
10859,2,1299,1
10874,22,135,18
10875,2,1325,1
10877,118,1741,82
10904,2842,197,2714
10933,223,1741,147
10938,4,45,3
10960,2,1425,1
10961,1,949,1
10967,19,839,10
10980,269,33,195
11011,362,45,115
11018,39,2501,15
11019,20,374,12
11026,2,1741,2
11037,13,1294,3
11041,94,1741,51
11042,72,195,23
11044,42,195,21
11053,4,1331,1
11070,14,2775,8
11074,9,195,7
11081,9,1299,7
11102,20,1261,16
11111,1,870,1
11112,6,236,3
11113,114,1325,106
11114,8,195,2
11159,42,471,19
11162,14,1747,7
11197,368,297,257
11208,33,1341,29
11209,1,195,1
11212,1,2040,1
11216,3,33,2
11219,2,398,2
11222,28,1741,19
11250,156,1741,25
11251,1,1741,1
11262,3,912,2
11274,1,195,1
11280,2,1288,1
11282,23,297,23
11323,14,1741,14
11327,24,585,21
11333,4,184,2
11335,46,33,38
11336,3,33,3
11345,454,1741,302
11351,113,484,45
11356,1,195,1
11361,50,1364,22
11377,2,47,2
11382,2,195,2
11389,27,861,26
11410,1,195,1
11414,102,1747,85
11415,4,1609,2
11422,94,1741,56
11426,178,1425,148
11436,2,195,2
11448,78,195,57
11466,4,195,2
11484,1,1741,1
11489,63,398,27
11493,65,565,43
11495,15,195,9
11498,5,2775,3
11523,6,1741,5
11533,10,1686,3
11545,24,195,12
11552,726,398,455
11561,2,334,2
11569,77,757,20
11570,17,33,15
11580,1,33,1
11604,60,1741,59
11613,3,1425,2
11623,92,1741,90
11649,6,1021,2
11656,113,195,87
11657,3,496,1
11658,1,1741,1
11684,107,1741,39
11688,24,1741,14
11694,1,331,1
11703,5,1741,4
11711,11,64,6
11713,1,1680,1
11718,27,585,10
11720,35,969,12
11726,932,3126,670
11730,113,1747,75
11734,1,146,1
11752,8,195,5
11764,89,2362,68
11766,2,195,1
11767,1,65,1
11780,307,1741,164
11781,393,398,240
11787,60,1741,44
11818,26,3180,13
11831,2,1920,1
11832,3,1741,3
11836,3,1506,3
11862,15,297,6
11868,43,1741,29
11882,1,1741,1
11886,62,949,57
11893,23,64,18
11906,3,2895,2
11916,148,33,47
11930,2,949,2
11933,6,601,4
11946,3,1125,2
11948,6,47,3
11963,53,195,52
11969,92,1741,86
11972,3,1285,3
11983,21,601,8
11996,48,3198,39
12028,45,1263,27
12057,38,374,35
12060,9,195,5
12061,2,1084,2
12074,294,297,174
12088,30,861,13
12108,13,1741,10
12116,1,1747,1
12148,76,932,36
12151,17,1741,17
12161,204,1741,172
12181,274,33,111
12188,101,949,99
12193,22,1741,18
12196,40,1741,39
12202,5,2152,5
12212,37,1741,35
12249,95,1741,69
12264,34,2152,27
12268,42,2489,37
12279,6,1746,2
12288,53,871,41
12294,13,236,8
12307,13,2550,13
12316,54,861,23
12317,1,297,1
12318,36,1741,20
12320,1,47,1
12322,44,1741,21
12329,173,1741,173
12330,10,861,4
12337,57,535,45
12343,176,3137,168
12350,140,1741,78
12375,12,949,5
12376,13,1741,13
12394,1,319,1
12397,2,1686,2
12400,215,33,209
12404,47,949,24
12411,145,949,101
12414,12,1747,6
12423,4,1298,3
12425,2,484,1
12430,6,64,4
12431,163,988,142
12435,20,1240,7
12439,12,195,6
12444,9,1288,3
12447,29,861,12
12452,22,1747,4
12468,7,2924,7
12484,8,1032,8
12491,111,297,21
12497,34,1741,31
12498,1,1125,1
12504,65,195,58
12506,628,1902,559
12510,62,2723,34
12512,1,2799,1
12513,2,33,1
12514,1104,1741,1024
12522,198,2799,41
12526,2,33,2
12528,462,1741,398
12530,114,1741,80
12532,27,297,27
12543,27,1741,26
12548,53,870,24
12549,42,471,27
12551,12,985,11
12553,8,535,6
12572,14,38,8
12580,60,48,45
12586,2,585,1
12587,186,1747,74
12591,31,1021,18
12605,74,1741,64
12615,523,949,320
12616,1,33,1
12621,4,535,4
12628,30,1240,30
12643,174,1740,81
12644,3,1741,1
12653,27,1741,17
12657,8,535,7
12658,6,297,5
12661,16,297,13
12668,4,1299,3
12674,1,2534,1
12682,1,394,1
12685,3,535,1
12695,236,195,112
12696,94,1038,77
12699,33,1741,29
12707,1,2152,1
12708,15,1741,7
12715,88,1299,48
12716,3,195,2
12718,169,985,142
12725,1,535,1
12727,295,45,185
12741,10,2524,8
12750,43,45,30
12757,30,1796,15
12773,34,1741,24
12775,15,585,7
12796,12,1675,4
12799,1,2690,1
12801,2,195,1
12810,18,297,18
12830,94,1159,25
12831,2,861,1
12841,2,1615,2
12842,2,195,2
12858,42,535,28
12879,6,2078,3
12883,9,2561,7
12889,148,236,118
12891,18,1747,9
12893,3,981,1
12902,28,1741,23
12905,15,1741,9
12912,213,2799,96
12916,571,1741,269
12922,53,1125,41
12942,1,1747,1
12947,136,312,58
12951,23,1747,12
12996,12,1741,10
13025,5,949,5
13032,5,236,2
13044,267,1240,189
13046,26,33,20
13048,11,195,11
13050,19,862,14
13057,11,1299,9
13060,45,911,13
13078,119,1741,89
13098,13,195,6
13113,7,1299,4
13117,58,1741,54
13118,6,1325,5
13120,94,535,79
13140,36,297,17
13152,10,984,10
13161,9,1747,5
13165,53,33,48
13166,1076,1741,438
13167,3,33,2
13174,22,398,18
13186,1,483,1
13192,101,912,27
13193,21,471,7
13198,89,1741,53
13201,4,195,4
13203,18,236,10
13207,2,1741,2
13210,9,1299,5
13228,2,1920,2
13238,16,2631,6
13243,5,1741,5
13261,247,2799,224
13263,66,1741,41
13265,6,33,6
13278,1,1084,1
13297,4,2799,3
13302,15,297,5
13304,13,471,5
13307,33,374,30
13313,20,2017,12
13320,1,2799,1
13324,8,1741,6
13327,47,3150,28
13335,32,456,12
13337,28,1747,23
13341,245,1741,189
13342,86,3150,60
13348,231,398,115
13349,22,2650,7
13350,50,2799,34
13355,164,1912,163
13357,98,1747,94
13364,396,1240,387
13367,59,2387,59
13370,8,396,8
13390,242,195,122
13392,3,398,2
13396,163,1325,121
13406,22,2078,22
13407,261,861,261
13408,80,1341,34
13409,7,535,6
13410,539,1864,228
13413,34,1747,33
13423,51,33,20
13437,34,1299,15
13439,1,1286,1
13444,115,1741,85
13455,275,1240,263
13470,4,1747,2
13479,7,1212,2
13512,14,650,12
13515,35,535,18
13518,5,1741,2
13524,23,2501,8
13529,4,195,4
13532,251,1425,237
13543,46,1516,40
13552,95,396,49
13553,125,796,97
13557,8,535,5
13566,2,3101,1
13567,312,1741,101
13574,2,405,1
13576,28,1741,28
13582,53,601,29
13587,22,1741,13
13592,3,1253,3
13593,59,1240,38
13596,100,1240,97
13607,18,1741,10
13615,1,397,1
13623,4,2219,3
13627,1,2550,1
13629,19,949,12
13653,49,33,49
13656,2,33,2
13657,34,2325,24
13666,9,1425,6
13668,2,236,2
13669,25,1747,5
13684,14,2403,13
13686,3,40,2
13696,106,1747,68
13698,6,195,3
13702,78,64,51
13714,10,33,10
13734,1,1747,1
13737,141,297,76
13740,105,64,48
13833,11,601,7
13923,21,1741,16
13963,4,1299,3
13973,71,494,37
13983,2,1747,2
14013,6,396,5
14133,5,2490,4
14163,3,1741,2
14263,6,33,6
14273,116,861,70
14293,7,2271,2
14503,13,2826,12
14563,1,33,1
14733,4,195,3
14753,3,1325,2
14763,238,236,148
14923,10,1741,6
15003,53,459,29
15033,6,398,4
15053,1,376,1
15253,374,1425,173
15293,3,1299,1
15383,281,195,264
15403,19,1741,16
15453,688,1741,429
15573,4,195,1
15633,8,33,3
15733,8,861,4
15793,30,1747,8
15913,64,1747,15
16023,100,1741,67
16053,3,483,3
16133,736,965,661
16173,46,2271,44
16193,42,2707,36
16443,59,1299,59
16633,42,48,40
16653,1,1741,1
16673,16,297,4
16683,179,535,114
16743,6,297,3
16893,18,594,7
17013,31,374,25
17053,20,535,16
17143,1,482,1
17213,21,45,8
17273,2,1741,2
17463,1,195,1
17863,9,195,5
17913,141,195,100
18003,1,1747,1
18053,18,33,15
18463,1,747,1
18493,19,1379,14
18543,5,2501,5
18673,35,1240,18
18713,221,33,52
18833,2,33,2
18863,1,1741,1
18883,13,397,8
18893,3,2402,2
18913,1,236,1
19003,301,1240,301
19073,126,1288,41
19153,5,1747,4
19273,151,1066,87
19383,2,146,2
19403,26,2078,20
19433,3,1741,2
19463,11,986,5
19553,6,1741,2
19683,9,1741,6
19703,76,647,56
19783,5,297,2
19853,345,1741,215
19913,2,585,2
20073,72,1240,72
20283,64,195,28
20493,11,65,11
20653,439,2524,281
20793,2,565,1
20963,5,396,5
20993,78,1261,77
21013,14,398,9
21063,44,981,15
21213,5,1741,5
21313,9,1187,9
21403,1,912,1
21583,57,195,20
21633,11,33,5
21693,24,1741,19
21773,5,1298,1
21803,1,195,1
21853,301,1782,261
21863,3,647,2
21993,7,1741,6
22113,56,33,18
22153,2,2860,1
22203,1029,2799,748
22253,5,1741,4
22323,21,1425,21
22363,2,33,2
22373,5,1992,4
22453,521,33,457
22483,14,236,11
22523,175,1741,127
22743,26,692,8
22933,1,991,1
23063,25,601,7
23093,18,50,6
23233,91,33,41
23363,10,1675,4
23373,9,195,6
23453,54,315,51
23483,8,195,2
23493,863,535,649
23513,39,2260,23
23653,48,2037,26
23803,24,45,8
23883,10,1741,7
23993,3,1299,3
24053,42,753,12
24063,10,1370,2
24073,7,2799,4
24083,29,1261,21
24103,1298,1937,1008
24113,1,33,1
24123,1,50,1
24263,52,2501,33
24303,196,2152,95
24313,2,1629,2
24363,103,2924,72
24403,125,195,50
24433,34,195,12
24503,10,297,5
24583,4,45,3
24823,3,195,3
24993,1,1425,1
25003,4,949,3
25093,3,195,1
25103,15,623,9
25143,106,2219,38
25243,28,2152,21
25293,2,1741,2
25313,40,1741,37
25343,1,973,1
25373,62,325,43
25413,8,195,8
25493,51,601,30
25503,14,297,12
25553,60,35,38
25583,18,50,10
25673,2,297,2
25883,59,195,38
25983,5,482,4
25993,168,1747,148
26083,18,33,13
26173,1018,861,673
26233,814,1741,768
26293,40,1992,24
26303,37,140,6
26333,1,1240,1
26383,153,1325,153
26513,209,33,153
26523,102,1299,36
26653,1,369,1
26673,7,1741,3
27283,917,405,916
27333,1,64,1
27603,905,45,709
27693,25,1937,21
27793,2,50,2
27873,2,1425,1
27993,13,2826,13
28023,8,195,5
28043,21,861,10
28073,4,397,2
28163,11,949,8
28203,3,1299,1
28253,15,3008,11
28413,246,497,177
28553,110,380,52
28723,9,33,9
29263,90,535,83
29283,564,1741,540
29353,27,146,22
29413,109,217,78
29493,1,1299,1
29543,6,981,3
29703,13,1741,6
29733,9,47,5
29773,21,1741,13
29803,92,1920,78
29823,2,35,2
30253,33,2872,33
30393,376,2260,275
30693,2,913,1
30873,443,45,193
30953,660,1920,470
31003,48,33,48
31013,1,482,1
31043,172,45,60
31053,3,496,1
31093,58,1741,52
31203,40,551,34
31393,2,1741,2
31403,68,784,25
31453,7,535,3
31483,88,2775,49
31513,1,199,1
31673,50,883,31
31693,3,1288,1
31723,18,76,5
31953,1,1741,1
32423,1,601,1
32473,81,2042,63
32513,43,33,38
32573,4,297,2
32643,13,2358,7
32693,9,1299,8
32783,33,2711,25
32823,30,297,16
32873,116,2152,107
33003,4,585,2
33053,160,1741,155
33163,1,195,1
33283,35,535,24
33343,3,1196,2
33363,16,195,16
33423,3,1741,2
33523,20,1299,10
33603,11,1747,11
33823,5,236,5
33883,6,949,3
33893,1,1288,1
34013,3,297,3
34163,22,64,6
34283,17,1261,15
34303,355,1425,255
34413,29,875,12
34533,1,1425,1
34543,126,297,70
34553,13,649,4
34603,3,1565,3
34623,1,1741,1
34633,17,535,16
34693,67,1299,40
34713,27,1741,27
34743,17,1261,15
34763,11,949,7
34863,88,33,81
34883,4,195,3
34913,32,236,27
34953,18,1585,10
35003,2,50,1
35053,8,297,7
35073,3,236,3
35093,1,935,1
35143,2,398,2
35213,16,33,12
35233,4,1021,3
35283,1,236,1
35293,4,236,3
35383,13,535,11
35403,2,1425,1
35443,3,1741,2
35533,1,861,1
35563,3,297,2
35603,20,535,16
35623,43,1741,43
35803,5,236,3
35873,50,398,15
35933,96,1747,56
36053,12,1741,12
36123,1,396,1
36253,3,236,3
36273,87,1741,87
36323,3,36,2
36393,4,1687,1
36423,61,912,19
36443,22,236,6
36503,151,1747,104
36533,4,353,1
36583,6,949,3
36623,93,585,75
36643,23,861,20
36653,151,535,127
36733,19,244,9
36753,88,1741,47
36823,9,195,9
36863,46,348,30
36883,11,949,6
36953,14,2144,13
37133,24,1741,13
37243,2,2550,2
37543,1,1747,1
37573,10,747,7
37593,3,2732,3
37603,3,33,1
37613,72,195,60
37623,2,2078,2
37763,40,1741,22
37783,9,1298,3
37793,1,195,1
37873,19,1747,14
37903,1,1741,1
37983,27,949,18
38003,6,1614,3
38093,12,1741,10
38123,1,1032,1
38133,1,482,1
38253,22,949,9
38263,4,195,2
38353,18,236,11
38393,2,1240,1
38723,6,364,6
38823,1,3150,1
38833,1,195,1
39023,5,2826,5
39223,5,195,5
39613,4,33,2
39623,4,1741,4
39683,7,76,7
39723,4,2516,3
39783,447,336,425
39863,17,33,7
39933,522,64,447
39953,25,1549,19
40013,56,2260,26
40273,1,1747,1
40423,9,870,7
40503,58,195,44
40523,4,195,3
40593,64,1741,62
40603,4,2732,4
40743,2,1298,1
40773,1,1263,1
41063,50,949,32
41143,154,195,113
41213,2,2165,1
41283,4,1741,2
41443,20,2489,13
41453,1519,45,1018
41483,1,1741,1
41553,59,1741,30
41573,1,1345,1
41713,91,195,69
41733,9,870,5
41763,1,972,1
41783,18,1741,12
41833,4,1128,4
41893,8,244,1
42073,107,1741,65
42293,3,233,1
42333,2,1092,2
42433,22,1741,7
42573,11,50,8
42723,20,1128,14
42753,46,949,36
42773,80,1902,24
42833,1,3183,1
42923,1,1747,1
43013,1,297,1
43083,5,195,4
43113,1,1032,1
43183,67,984,32
43243,344,949,273
43263,29,236,19
43273,6,236,5
43323,3,585,2
43363,19,2516,13
43553,9,374,3
43563,4,600,3
43603,2,45,2
43693,1028,949,752
43703,30,870,27
43723,1,1741,1
43793,16,1741,10
43833,11,861,3
43863,7,1741,5
43943,8,1741,5
44203,6,535,3
44253,1,3126,1
44263,2,1741,2
44313,8,1741,6
44423,6,1299,6
44563,1,2585,1
44573,5,911,3
44633,10,195,8
44723,38,585,9
44893,72,949,36
44903,21,2161,12
44993,9,1741,6
45403,21,535,16
45463,65,535,25
45603,17,2078,13
45653,54,601,24
45733,20,1747,20
45763,8,195,4
45783,22,297,21
45823,45,1298,23
45993,1994,535,1539
46053,14,35,7
46063,13,195,4
46113,707,535,212
46223,15,1741,6
46293,17,236,9
46333,10,861,5
46463,25,861,16
46563,5,601,5
46583,9,870,8
46623,1,1270,1
46713,244,1741,89
46833,3,1747,1
46943,1,876,1
47023,10,1299,4
47303,26,33,16
47333,9,1275,6
47403,82,33,82
47463,1,297,1
47723,3,1311,2
47843,135,583,55
48053,4,1741,4
48093,71,297,48
48213,49,949,35
48243,15,45,10
48263,86,195,66
48443,2,1741,2
48463,221,870,162
48523,4,1747,4
48623,1,283,1
48803,4,305,3
48933,687,1747,676
48973,1,949,1
49093,541,1747,497
49123,4,2924,2
49353,6,1741,5
49383,11,146,2
49423,23,195,16
49443,8,33,4
49453,22,2711,18
49463,38,2711,23
49523,17,195,8
49533,61,33,59
49553,11,868,2
49563,4,35,1
49573,1,195,1
49583,5,2655,5
49683,33,870,6
49713,12,33,9
49833,4,1741,3
49853,2,195,1
49873,17,1675,10
49893,41,64,17
49923,80,297,68
50143,4,33,1
50433,581,1240,512
50623,5,984,3
50953,3,1686,2
50963,8,319,6
51013,217,1869,203
51043,1,374,1
51203,555,1741,514
51223,38,307,37
51283,84,1741,76
51303,25,195,11
51373,111,305,72
51573,14,1741,9
51713,1,195,1
51723,34,184,29
51763,1,940,1
51793,33,1869,33
52043,1,1747,1
52103,4,1067,4
52123,3,1747,3
52163,2,195,1
52263,15,195,8
52293,1,687,1
52383,69,601,37
52593,42,1363,18
52693,5,1741,2
52733,1,459,1
52763,1,64,1
52773,58,3008,48
52793,10,1741,9
52833,180,814,103
52903,397,949,284
52923,32,535,24
52953,6,297,2
53073,1,1128,1
53253,4,195,4
53413,16,297,15
53783,9,2402,5
53953,8,297,6
53963,178,1741,112
53983,649,687,643
54203,4,2924,4
54213,47,1325,47
54613,101,535,49
54663,1,1299,1
54743,40,2254,33
54753,8,236,2
54793,256,236,207
54893,5,217,3
55333,17,1185,10
55663,1,1261,1
55753,27,601,27
55843,8,2123,5
55853,21,33,21
55993,405,1741,334
56023,2,2152,2
56103,3,1128,3
56163,12,949,4
56223,92,212,64
56243,28,1741,15
56593,3,1299,2
56613,3,1741,3
56653,37,33,20
56813,116,195,55
56823,14,1747,13
56833,4,398,4
56893,807,33,568
57063,1,398,1
57143,2,398,2
57163,10,1741,8
57203,100,1299,58
57293,9,1741,9
57383,75,2585,50
57413,1,319,1
57653,44,1741,20
57743,1,1741,1
57753,5,307,2
57853,111,923,27
58123,18,601,15
58263,23,2826,17
58313,13,461,8
58493,1,1544,1
58533,2,33,2
58573,1,1183,1
58593,3,364,2
58753,94,202,49
58983,1,64,1
59043,17,535,6
59223,188,870,116
59313,30,33,9
59363,52,1741,27
59393,29,870,21
59503,2,716,1
59593,46,1741,29
59643,3,1299,2
59663,7,1261,6
59873,56,870,56
60033,310,949,100
60163,25,297,8
60273,13,195,5
60313,28,1299,28
60413,26,374,9
60573,86,1506,32
60893,3,1747,2
61113,81,771,80
61133,294,195,208
61143,51,583,30
61233,27,1741,14
61523,144,1741,143
61563,19,3048,8
61663,220,949,68
61813,32,601,22
61873,76,1741,39
61913,1,33,1
62003,2,1741,2
62033,1,3008,1
62103,32,51,22
62133,25,2924,11
62423,18,33,17
62433,9,2805,9
62443,50,1741,24
62633,1,1585,1
62653,251,861,172
62783,669,33,586
62913,7,594,1
62963,31,195,24
63313,1,50,1
63433,21,1741,17
63533,48,146,13
63803,580,1741,569
64293,132,195,84
64303,1,2489,1
64313,3,33,3
64523,20,297,8
64543,14,2978,4
64623,62,870,37
64633,29,1288,8
64643,2,3219,1
64663,4,50,2
64713,2,1741,2
64723,22,50,11
64733,1,768,1
64813,58,195,21
64833,288,459,122
64873,88,2152,32
65033,2,578,1
65053,58,195,56
65223,2,2707,1
65233,23,297,20
65273,137,405,133
65473,2,1852,2
65513,536,784,333
65533,139,768,82
65573,19,195,19
65633,89,236,55
65653,7,33,2
65693,4,1747,4
65913,24,1741,7
66133,1,1741,1
66183,6,1741,3
66253,158,50,150
66283,2,1425,2
66583,12,195,6
66993,12,1741,6
67013,2,984,2
67123,3,1486,3
67173,6,1752,5
67253,44,297,22
67273,3,50,2
67443,6,601,6
67483,1,25,1
67763,5,535,3
67793,21,40,20
67923,349,374,273
68033,99,964,62
68153,8,1747,2
68183,38,870,32
68203,3,1299,2
68213,86,45,31
68253,33,319,12
68353,7,1782,3
68393,26,1747,18
68633,1,1282,1
68743,9,649,7
68883,7,1128,5
68953,9,1299,5
69133,22,50,8
69183,5,2492,5
69263,288,873,253
69483,156,1986,142
69533,36,195,30
69543,7,535,7
69633,88,861,70
69743,5,405,5
69893,1,1741,1
70083,113,195,112
70103,27,784,21
70313,5,1551,5
70523,1,1741,1
70563,4,1261,4
70643,79,1253,54
70653,60,949,17
70833,4,2254,3
70913,1,2118,1
71003,2,1796,2
71123,1068,2500,1055
71133,31,601,23
71203,2,2501,1
71323,11,1741,8
71353,1,2550,1
71423,1,601,1
71453,14,1741,10
71623,114,1747,90
71693,260,601,159
71823,19,1544,17
71903,845,2707,517
72013,138,471,62
72023,5,585,2
72053,2,1741,1
72083,1,33,1
72153,2,1240,2
72293,26,1299,13
72303,3,2826,2
72343,33,1747,19
72373,19,1741,16
72393,8,1741,7
72403,24,1299,15
72593,29,494,16
72623,80,1747,80
72663,3,2973,2
72863,8,585,8
73033,1,879,1
73363,33,1741,25
73433,7,195,5
73523,38,195,13
73623,8,2924,6
73653,745,949,553
74003,9,949,4
74053,18,1299,14
74233,2,535,1
74453,7,1741,5
74523,5,1741,3
74543,148,861,48
74603,90,3211,28
74783,1,297,1
74813,18,628,17
74853,29,2698,18
74863,6,297,5
74873,1,2524,1
74883,25,870,21
74923,13,50,13
74983,10,305,2
74993,5,1128,3
75063,5,2534,3
75173,15,1299,10
75213,6,396,6
75273,2,195,2
75373,12,1741,4
75413,2,1741,2
75533,23,949,18
75743,1,1741,1
75783,1,195,1
75853,13,535,8
75883,5,33,2
75933,8,195,7
76123,9,471,4
76133,93,1741,55
76343,9,297,8
76423,1,2799,1
76463,9,1741,8
76563,3,1299,2
76633,29,2516,18
76823,6,1741,6
76913,33,535,29
76993,26,1741,14
77023,14,2929,8
77063,1,348,1
77423,31,297,13
77483,2,585,1
77603,105,297,82
77753,181,456,70
77823,1,1529,1
77873,42,185,18
77893,10,1869,10
77953,6,2402,5
78073,34,195,11
78213,159,2550,116
78333,105,1747,93
78343,177,949,93
78393,134,297,69
78413,7,195,2
78453,23,949,21
78593,8,949,4
78623,82,195,28
78653,1,1686,1
78663,602,861,245
78673,14,1154,6
78693,22,195,14
78733,44,1299,26
78783,6,585,6
78803,2,195,2
78813,1,1747,1
78863,1,1341,1
79043,24,1747,14
79153,2,1562,2
79383,6,949,2
79463,2,3205,1
79543,93,297,37
79583,1,1741,1
79733,4,949,2
79773,7,984,2
80013,4,2296,4
80263,129,949,55
80323,11,3205,9
80523,450,1741,207
80573,97,585,62
80703,4,236,4
80743,2,1424,1
80883,25,1299,13
80973,4150,2126,2168
80983,104,1741,77
81003,5,875,2
81093,3,3219,2
81103,12,1021,9
81173,1,1747,1
81193,78,949,25
81293,2,565,1
81323,65,217,46
81403,4,297,3
81523,3,305,2
81683,11,1240,10
81693,4,1185,4
81793,6,1325,4
82213,9,186,8
82243,47,1741,18
82363,52,297,21
82493,4,949,3
82533,2,195,2
82553,29,601,19
82603,157,2817,115
82663,21,1741,10
82683,4,195,2
82733,35,2799,15
82753,2,2052,1
82763,2,336,1
82793,31,374,23
82863,27,1920,27
82883,27,398,20
82893,8,632,4
82903,2,1046,1
83673,1682,949,1376
89023,115,1741,100
89673,1,870,1
89903,103,1747,78
90213,4,195,3
91283,464,984,230
91443,74,2550,64
92303,6,397,2
92623,66,33,31
93443,3,1286,1
95473,1,1154,1
95563,23,949,11
97303,1,699,1
97933,3,403,3
99363,2,1747,2
99663,8,217,8
99723,312,1747,226
101653,38,236,20
102613,11,2534,6
105223,1,1675,1
109023,204,236,184
109293,88,1248,16
110613,5,195,3
111483,90,535,33
